0.999999799919952,2.0008004803363615E-07,2.0008004803363615E-07,2.0008004803363615E-07,2.0008004803363615E-07,0.9999985994396638,2.0008004803363615E-07,2.0008004803363615E-07,2.0008004803363615E-07,2.0008004803363615E-07,0.999999799919952,2.0008004803363615E-07,0.999999799919952,2.0008004803363615E-07,2.0008004803363615E-07,2.0008004803363615E-07,2.0008004803363615E-07,2.0008004803363615E-07,0.6325526224029155,0.32331943217089726,0.04412694502594708,2.0008004803363615E-07,0.4937192110030634,0.5062795885166484,2.0008004803363615E-07,2.0008004803363615E-07,2.0008004803363615E-07,2.0008004803363615E-07,2.0008004803363615E-07,2.0008004803363615E-07,2.0008004803363615E-07,0.999999799919952,2.0008004803363615E-07,0.999999799919952,2.0008004803363615E-07,0.999999799919952,2.0008004803363615E-07,0.999999799919952,2.0008004803363615E-07,0.999999799919952,2.0008004803363615E-07,0.999999799919952,2.0008004803363615E-07,0.999999799919952,2.0008004803363615E-07,0.999999799919952,2.0008004803363615E-07,0.999999799919952,2.0008004803363615E-07,0.999999799919952,2.0008004803363615E-07,0.999999799919952,2.0008004803363615E-07,0.999999799919952,2.0008004803363615E-07,0.999999799919952,2.0008004803363615E-07,0.999999799919952,2.0008004803363615E-07,0.999999799919952,2.0008004803363615E-07,0.999999799919952,2.0008004803363615E-07,0.999999799919952,2.0008004803363615E-07,0.999999799919952,2.0008004803363615E-07,0.999999799919952,2.0008004803363615E-07,0.999999799919952,2.0008004803363615E-07,0.999999799919952,2.0008004803363615E-07,0.999999799919952,2.0008004803363615E-07,0.999999799919952,2.0008004803363615E-07,0.999999799919952,2.0008004803363615E-07,0.999999799919952,2.0008004803363615E-07,0.999999799919952,2.0008004803363615E-07,0.999999799919952,2.0008004803363615E-07,0.999999799919952,2.0008004803363615E-07,0.999999799919952,2.0008004803363615E-07,0.999999799919952,2.0008004803363615E-07,0.999999799919952,2.0008004803363615E-07,0.999999799919952,2.0008004803363615E-07,0.999999799919952,2.0008004803363615E-07,0.999999799919952,2.0008004803363615E-07,0.999999799919952,2.0008004803363615E-07,0.999999799919952,2.0008004803363615E-07,0.999999799919952,2.0008004803363615E-07,0.999999799919952,2.0008004803363615E-07,0.999999799919952,2.0008004803363615E-07,0.999999799919952,2.0008004803363615E-07,0.999999799919952,2.0008004803363615E-07,0.999999799919952,2.0008004803363615E-07,0.999999799919952,2.0008004803363615E-07,0.999999799919952,2.0008004803363615E-07,0.999999799919952,2.0008004803363615E-07,0.999999799919952,2.0008004803363615E-07,0.999999799919952,2.0008004803363615E-07,0.999999799919952,2.0008004803363615E-07,0.999999799919952,2.0008004803363615E-07,0.999999799919952,2.0008004803363615E-07,0.999999799919952,2.0008004803363615E-07,0.999999799919952,2.0008004803363615E-07,0.999999799919952,2.0008004803363615E-07,0.999999799919952,2.0008004803363615E-07,0.999999799919952,2.0008004803363615E-07,0.999999799919952,0.999999799919952,2.0008004803363615E-07,2.0008004803363615E-07,2.0008004803363615E-07,2.0008004803363615E-07,2.0008004803363615E-07,2.0008004803363615E-07,0.9999985994396638,2.0008004803363615E-07,2.0008004803363615E-07,2.0008004803363615E-07,0.999999799919952,2.0008004803363615E-07,0.999999799919952,2.0008004803363615E-07,0.999999799919952,2.0008004803363615E-07,0.999999799919952,2.0008004803363615E-07,0.999999799919952,2.0008004803363615E-07,0.999999799919952,2.0008004803363615E-07,0.999999799919952,2.0008004803363615E-07,0.999999799919952,2.0008004803363615E-07,0.999999799919952,2.0008004803363615E-07,0.999999799919952,2.0008004803363615E-07,0.999999799919952,2.0008004803363615E-07,0.999999799919952,2.0008004803363615E-07,0.999999799919952,2.0008004803363615E-07,0.999999799919952,2.0008004803363615E-07,0.999999799919952,2.0008004803363615E-07,0.999999799919952,2.0008004803363615E-07,0.999999799919952,2.0008004803363615E-07,0.999999799919952,2.0008004803363615E-07,0.999999799919952,2.0008004803363615E-07,0.999999799919952,2.0008004803363615E-07,0.999999799919952,2.0008004803363615E-07,0.999999799919952,2.0008004803363615E-07,0.999999799919952,2.0008004803363615E-07,0.999999799919952,2.0008004803363615E-07,0.999999799919952,2.0008004803363615E-07,0.999999799919952,2.0008004803363615E-07,0.999999799919952,2.0008004803363615E-07,0.999999799919952,0.999999799919952,2.0008004803363615E-07,2.0008004803363615E-07,2.0008004803363615E-07,2.0008004803363615E-07,2.0008004803363615E-07,2.0008004803363615E-07,0.8162411887089971,0.1837576108107147,2.0008004803363615E-07,2.0008004803363615E-07,0.999999799919952,2.0008004803363615E-07,0.999999799919952,2.0008004803363615E-07,0.999999799919952,2.0008004803363615E-07,0.999999799919952,2.0008004803363615E-07,0.999999799919952,2.0008004803363615E-07,0.999999799919952,2.0008004803363615E-07,0.999999799919952,2.0008004803363615E-07,0.999999799919952,2.0008004803363615E-07,0.999999799919952,2.0008004803363615E-07,0.999999799919952,2.0008004803363615E-07,0.999999799919952,2.0008004803363615E-07,0.999999799919952,2.0008004803363615E-07,0.999999799919952,2.0008004803363615E-07,0.999999799919952,2.0008004803363615E-07,0.999999799919952,2.0008004803363615E-07,0.999999799919952,2.0008004803363615E-07,0.999999799919952,2.0008004803363615E-07,0.999999799919952,2.0008004803363615E-07,0.999999799919952,2.0008004803363615E-07,0.999999799919952,2.0008004803363615E-07,0.999999799919952,2.0008004803363615E-07,0.999999799919952,2.0008004803363615E-07,0.999999799919952,2.0008004803363615E-07,0.999999799919952,2.0008004803363615E-07,0.999999799919952,2.0008004803363615E-07,0.999999799919952,2.0008004803363615E-07,0.999999799919952,2.0008004803363615E-07,0.999999799919952,0.999999799919952,2.0008004803363615E-07,2.0008004803363615E-07,2.0008004803363615E-07,2.0008004803363615E-07,2.0008004803363615E-07,2.0008004803363615E-07,0.4067346273735859,0.37394088374058243,0.21932348848559152,2.0008004803363615E-07,0.999999799919952,2.0008004803363615E-07,0.999999799919952,2.0008004803363615E-07,0.999999799919952,2.0008004803363615E-07,0.999999799919952,2.0008004803363615E-07,0.999999799919952,2.0008004803363615E-07,0.999999799919952,2.0008004803363615E-07,0.999999799919952,2.0008004803363615E-07,0.999999799919952,2.0008004803363615E-07,0.999999799919952,2.0008004803363615E-07,0.999999799919952,2.0008004803363615E-07,0.999999799919952,2.0008004803363615E-07,0.999999799919952,2.0008004803363615E-07,0.999999799919952,2.0008004803363615E-07,0.999999799919952,2.0008004803363615E-07,0.999999799919952,2.0008004803363615E-07,0.999999799919952,2.0008004803363615E-07,0.999999799919952,2.0008004803363615E-07,0.999999799919952,2.0008004803363615E-07,0.999999799919952,2.0008004803363615E-07,0.999999799919952,2.0008004803363615E-07,0.999999799919952,2.0008004803363615E-07,0.999999799919952,2.0008004803363615E-07,0.999999799919952,2.0008004803363615E-07,0.999999799919952,2.0008004803363615E-07,0.999999799919952,2.0008004803363615E-07,0.999999799919952,2.0008004803363615E-07,0.999999799919952,2.0008004803363615E-07,0.999999799919952,0.999999799919952,2.0008004803363615E-07,2.0008004803363615E-07,2.0008004803363615E-07,2.0008004803363615E-07,2.0008004803363615E-07,2.0008004803363615E-07,0.11500062249096404,0.4836311886202447,0.4013671884885511,2.0008004803363615E-07,0.999999799919952,2.0008004803363615E-07,0.999999799919952,2.0008004803363615E-07,0.999999799919952,2.0008004803363615E-07,0.999999799919952,2.0008004803363615E-07,0.999999799919952,2.0008004803363615E-07,0.999999799919952,2.0008004803363615E-07,0.999999799919952,2.0008004803363615E-07,0.999999799919952,2.0008004803363615E-07,0.999999799919952,2.0008004803363615E-07,0.999999799919952,2.0008004803363615E-07,0.999999799919952,2.0008004803363615E-07,0.999999799919952,2.0008004803363615E-07,0.999999799919952,2.0008004803363615E-07,0.999999799919952,2.0008004803363615E-07,0.999999799919952,2.0008004803363615E-07,0.999999799919952,2.0008004803363615E-07,0.999999799919952,2.0008004803363615E-07,0.999999799919952,2.0008004803363615E-07,0.999999799919952,2.0008004803363615E-07,0.999999799919952,2.0008004803363615E-07,0.999999799919952,2.0008004803363615E-07,0.999999799919952,2.0008004803363615E-07,0.999999799919952,2.0008004803363615E-07,0.999999799919952,2.0008004803363615E-07,0.999999799919952,2.0008004803363615E-07,0.999999799919952,2.0008004803363615E-07,0.999999799919952,2.0008004803363615E-07,0.999999799919952,0.999999799919952,2.0008004803363615E-07,2.0008004803363615E-07,2.0008004803363615E-07,2.0008004803363615E-07,2.0008004803363615E-07,2.0008004803363615E-07,2.0008004803363615E-07,0.5180773406172124,0.4819214589024993,2.0008004803363615E-07,0.999999799919952,2.0008004803363615E-07,0.999999799919952,2.0008004803363615E-07,0.999999799919952,2.0008004803363615E-07,0.999999799919952,2.0008004803363615E-07,0.999999799919952,2.0008004803363615E-07,0.999999799919952,2.0008004803363615E-07,0.999999799919952,2.0008004803363615E-07,0.999999799919952,2.0008004803363615E-07,0.999999799919952,2.0008004803363615E-07,0.999999799919952,2.0008004803363615E-07,0.999999799919952,2.0008004803363615E-07,0.999999799919952,2.0008004803363615E-07,0.999999799919952,2.0008004803363615E-07,0.999999799919952,2.0008004803363615E-07,0.999999799919952,2.0008004803363615E-07,0.999999799919952,2.0008004803363615E-07,0.999999799919952,2.0008004803363615E-07,0.999999799919952,2.0008004803363615E-07,0.999999799919952,2.0008004803363615E-07,0.999999799919952,2.0008004803363615E-07,0.999999799919952,2.0008004803363615E-07,0.999999799919952,2.0008004803363615E-07,0.999999799919952,2.0008004803363615E-07,0.999999799919952,2.0008004803363615E-07,0.999999799919952,2.0008004803363615E-07,0.999999799919952,2.0008004803363615E-07,0.999999799919952,2.0008004803363615E-07,0.999999799919952,0.999999799919952,2.0008004803363615E-07,2.0008004803363615E-07,2.0008004803363615E-07,2.0008004803363615E-07,2.0008004803363615E-07,2.0008004803363615E-07,2.0008004803363615E-07,0.5045050323795282,0.4954937671401838,2.0008004803363615E-07,0.999999799919952,2.0008004803363615E-07,0.999999799919952,2.0008004803363615E-07,0.999999799919952,2.0008004803363615E-07,0.999999799919952,2.0008004803363615E-07,0.999999799919952,2.0008004803363615E-07,0.999999799919952,2.0008004803363615E-07,0.999999799919952,2.0008004803363615E-07,0.999999799919952,2.0008004803363615E-07,0.999999799919952,2.0008004803363615E-07,0.999999799919952,2.0008004803363615E-07,0.999999799919952,2.0008004803363615E-07,0.999999799919952,2.0008004803363615E-07,0.999999799919952,2.0008004803363615E-07,0.999999799919952,2.0008004803363615E-07,0.999999799919952,2.0008004803363615E-07,0.999999799919952,2.0008004803363615E-07,0.999999799919952,2.0008004803363615E-07,0.999999799919952,2.0008004803363615E-07,0.999999799919952,2.0008004803363615E-07,0.999999799919952,2.0008004803363615E-07,0.999999799919952,2.0008004803363615E-07,0.999999799919952,2.0008004803363615E-07,0.999999799919952,2.0008004803363615E-07,0.999999799919952,2.0008004803363615E-07,0.999999799919952,2.0008004803363615E-07,0.999999799919952,2.0008004803363615E-07,0.999999799919952,2.0008004803363615E-07,0.999999799919952,0.999999799919952,2.0008004803363615E-07,2.0008004803363615E-07,2.0008004803363615E-07,2.0008004803363615E-07,2.0008004803363615E-07,2.0008004803363615E-07,2.0008004803363615E-07,0.4982031787348618,0.5017956207848501,2.0008004803363615E-07,0.999999799919952,2.0008004803363615E-07,0.999999799919952,2.0008004803363615E-07,0.999999799919952,2.0008004803363615E-07,0.999999799919952,2.0008004803363615E-07,0.999999799919952,2.0008004803363615E-07,0.999999799919952,2.0008004803363615E-07,0.999999799919952,2.0008004803363615E-07,0.999999799919952,2.0008004803363615E-07,0.999999799919952,2.0008004803363615E-07,0.999999799919952,2.0008004803363615E-07,0.999999799919952,2.0008004803363615E-07,0.999999799919952,2.0008004803363615E-07,0.999999799919952,2.0008004803363615E-07,0.999999799919952,2.0008004803363615E-07,0.999999799919952,2.0008004803363615E-07,0.999999799919952,2.0008004803363615E-07,0.999999799919952,2.0008004803363615E-07,0.999999799919952,2.0008004803363615E-07,0.999999799919952,2.0008004803363615E-07,0.999999799919952,2.0008004803363615E-07,0.999999799919952,2.0008004803363615E-07,0.999999799919952,2.0008004803363615E-07,0.999999799919952,2.0008004803363615E-07,0.999999799919952,2.0008004803363615E-07,0.999999799919952,2.0008004803363615E-07,0.999999799919952,2.0008004803363615E-07,0.999999799919952,2.0008004803363615E-07,0.999999799919952,0.999999799919952,2.0008004803363615E-07,0.999999799919952,2.0008004803363615E-07,2.0008004803363615E-07,2.0008004803363615E-07,2.0008004803363615E-07,0.6605275211146625,0.33947127840504926,2.0008004803363615E-07,2.0008004803363615E-07,2.0008004803363615E-07,0.9999985994396638,2.0008004803363615E-07,2.0008004803363615E-07,2.0008004803363615E-07,2.0008004803363615E-07,2.0008004803363615E-07,2.0008004803363615E-07,2.0008004803363615E-07,2.0008004803363615E-07,0.999999799919952,2.0008004803363615E-07,0.999999799919952,2.0008004803363615E-07,0.999999799919952,2.0008004803363615E-07,0.999999799919952,2.0008004803363615E-07,0.999999799919952,2.0008004803363615E-07,0.999999799919952,2.0008004803363615E-07,0.999999799919952,2.0008004803363615E-07,0.999999799919952,2.0008004803363615E-07,0.999999799919952,2.0008004803363615E-07,0.999999799919952,2.0008004803363615E-07,0.999999799919952,2.0008004803363615E-07,0.999999799919952,2.0008004803363615E-07,0.999999799919952,2.0008004803363615E-07,0.999999799919952,2.0008004803363615E-07,0.999999799919952,2.0008004803363615E-07,0.999999799919952,2.0008004803363615E-07,0.999999799919952,2.0008004803363615E-07,0.999999799919952,2.0008004803363615E-07,0.999999799919952,2.0008004803363615E-07,0.999999799919952,2.0008004803363615E-07,0.999999799919952,2.0008004803363615E-07,0.999999799919952,2.0008004803363615E-07,0.999999799919952,2.0008004803363615E-07,0.999999799919952,2.0008004803363615E-07,0.999999799919952,2.0008004803363615E-07,0.999999799919952,2.0008004803363615E-07,0.999999799919952,2.0008004803363615E-07,0.999999799919952,2.0008004803363615E-07,0.999999799919952,2.0008004803363615E-07,0.999999799919952,2.0008004803363615E-07,0.999999799919952,2.0008004803363615E-07,0.999999799919952,2.0008004803363615E-07,0.999999799919952,2.0008004803363615E-07,0.999999799919952,2.0008004803363615E-07,0.999999799919952,2.0008004803363615E-07,0.999999799919952,2.0008004803363615E-07,0.999999799919952,2.0008004803363615E-07,0.999999799919952,2.0008004803363615E-07,0.999999799919952,2.0008004803363615E-07,0.999999799919952,2.0008004803363615E-07,0.999999799919952,2.0008004803363615E-07,0.999999799919952,2.0008004803363615E-07,0.999999799919952,2.0008004803363615E-07,0.999999799919952,2.0008004803363615E-07,0.999999799919952,2.0008004803363615E-07,0.999999799919952,2.0008004803363615E-07,0.999999799919952,2.0008004803363615E-07,0.999999799919952,2.0008004803363615E-07,0.999999799919952,2.0008004803363615E-07,0.999999799919952,2.0008004803363615E-07,0.999999799919952,2.0008004803363615E-07,0.999999799919952,2.0008004803363615E-07,0.999999799919952,2.0008004803363615E-07,0.999999799919952,2.0008004803363615E-07,0.999999799919952,2.0008004803363615E-07,0.999999799919952,0.999999799919952,2.0008004803363615E-07,2.0008004803363615E-07,2.0008004803363615E-07,2.0008004803363615E-07,0.05579299266227005,0.9442058068574418,2.0008004803363615E-07,2.0008004803363615E-07,2.0008004803363615E-07,2.0008004803363615E-07,0.999999799919952,2.0008004803363615E-07,0.999999799919952,2.0008004803363615E-07,0.999999799919952,2.0008004803363615E-07,0.999999799919952,2.0008004803363615E-07,0.999999799919952,2.0008004803363615E-07,0.999999799919952,2.0008004803363615E-07,0.999999799919952,2.0008004803363615E-07,0.999999799919952,2.0008004803363615E-07,0.999999799919952,2.0008004803363615E-07,0.999999799919952,2.0008004803363615E-07,0.999999799919952,2.0008004803363615E-07,0.999999799919952,2.0008004803363615E-07,0.999999799919952,2.0008004803363615E-07,0.999999799919952,2.0008004803363615E-07,0.999999799919952,2.0008004803363615E-07,0.999999799919952,2.0008004803363615E-07,0.999999799919952,2.0008004803363615E-07,0.999999799919952,2.0008004803363615E-07,0.999999799919952,2.0008004803363615E-07,0.999999799919952,2.0008004803363615E-07,0.999999799919952,2.0008004803363615E-07,0.999999799919952,2.0008004803363615E-07,0.999999799919952,2.0008004803363615E-07,0.999999799919952,2.0008004803363615E-07,0.999999799919952,2.0008004803363615E-07,0.999999799919952,2.0008004803363615E-07,0.999999799919952,2.0008004803363615E-07,0.999999799919952,0.999999799919952,2.0008004803363615E-07,2.0008004803363615E-07,2.0008004803363615E-07,2.0008004803363615E-07,2.0008004803363615E-07,0.9829251109696837,0.017073688550028134,2.0008004803363615E-07,2.0008004803363615E-07,2.0008004803363615E-07,0.999999799919952,2.0008004803363615E-07,0.999999799919952,2.0008004803363615E-07,0.999999799919952,2.0008004803363615E-07,0.999999799919952,2.0008004803363615E-07,0.999999799919952,2.0008004803363615E-07,0.999999799919952,2.0008004803363615E-07,0.999999799919952,2.0008004803363615E-07,0.999999799919952,2.0008004803363615E-07,0.999999799919952,2.0008004803363615E-07,0.999999799919952,2.0008004803363615E-07,0.999999799919952,2.0008004803363615E-07,0.999999799919952,2.0008004803363615E-07,0.999999799919952,2.0008004803363615E-07,0.999999799919952,2.0008004803363615E-07,0.999999799919952,2.0008004803363615E-07,0.999999799919952,2.0008004803363615E-07,0.999999799919952,2.0008004803363615E-07,0.999999799919952,2.0008004803363615E-07,0.999999799919952,2.0008004803363615E-07,0.999999799919952,2.0008004803363615E-07,0.999999799919952,2.0008004803363615E-07,0.999999799919952,2.0008004803363615E-07,0.999999799919952,2.0008004803363615E-07,0.999999799919952,2.0008004803363615E-07,0.999999799919952,2.0008004803363615E-07,0.999999799919952,2.0008004803363615E-07,0.999999799919952,2.0008004803363615E-07,0.999999799919952,0.999999799919952,2.0008004803363615E-07,2.0008004803363615E-07,2.0008004803363615E-07,2.0008004803363615E-07,2.0008004803363615E-07,0.4463545889397485,0.38679154184747944,0.16685286881253203,2.0008004803363615E-07,2.0008004803363615E-07,0.999999799919952,2.0008004803363615E-07,0.999999799919952,2.0008004803363615E-07,0.999999799919952,2.0008004803363615E-07,0.999999799919952,2.0008004803363615E-07,0.999999799919952,2.0008004803363615E-07,0.999999799919952,2.0008004803363615E-07,0.999999799919952,2.0008004803363615E-07,0.999999799919952,2.0008004803363615E-07,0.999999799919952,2.0008004803363615E-07,0.999999799919952,2.0008004803363615E-07,0.999999799919952,2.0008004803363615E-07,0.999999799919952,2.0008004803363615E-07,0.999999799919952,2.0008004803363615E-07,0.999999799919952,2.0008004803363615E-07,0.999999799919952,2.0008004803363615E-07,0.999999799919952,2.0008004803363615E-07,0.999999799919952,2.0008004803363615E-07,0.999999799919952,2.0008004803363615E-07,0.999999799919952,2.0008004803363615E-07,0.999999799919952,2.0008004803363615E-07,0.999999799919952,2.0008004803363615E-07,0.999999799919952,2.0008004803363615E-07,0.999999799919952,2.0008004803363615E-07,0.999999799919952,2.0008004803363615E-07,0.999999799919952,2.0008004803363615E-07,0.999999799919952,2.0008004803363615E-07,0.999999799919952,2.0008004803363615E-07,0.999999799919952,0.999999799919952,2.0008004803363615E-07,2.0008004803363615E-07,2.0008004803363615E-07,2.0008004803363615E-07,2.0008004803363615E-07,0.1463079194705827,0.37879522274062055,0.31619387625882606,0.15870218120977855,2.0008004803363615E-07,0.999999799919952,2.0008004803363615E-07,0.999999799919952,2.0008004803363615E-07,0.999999799919952,2.0008004803363615E-07,0.999999799919952,2.0008004803363615E-07,0.999999799919952,2.0008004803363615E-07,0.999999799919952,2.0008004803363615E-07,0.999999799919952,2.0008004803363615E-07,0.999999799919952,2.0008004803363615E-07,0.999999799919952,2.0008004803363615E-07,0.999999799919952,2.0008004803363615E-07,0.999999799919952,2.0008004803363615E-07,0.999999799919952,2.0008004803363615E-07,0.999999799919952,2.0008004803363615E-07,0.999999799919952,2.0008004803363615E-07,0.999999799919952,2.0008004803363615E-07,0.999999799919952,2.0008004803363615E-07,0.999999799919952,2.0008004803363615E-07,0.999999799919952,2.0008004803363615E-07,0.999999799919952,2.0008004803363615E-07,0.999999799919952,2.0008004803363615E-07,0.999999799919952,2.0008004803363615E-07,0.999999799919952,2.0008004803363615E-07,0.999999799919952,2.0008004803363615E-07,0.999999799919952,2.0008004803363615E-07,0.999999799919952,2.0008004803363615E-07,0.999999799919952,2.0008004803363615E-07,0.999999799919952,2.0008004803363615E-07,0.999999799919952,0.999999799919952,2.0008004803363615E-07,2.0008004803363615E-07,2.0008004803363615E-07,2.0008004803363615E-07,2.0008004803363615E-07,2.0008004803363615E-07,0.37529921530750243,0.3604106008912422,0.26428918340101526,2.0008004803363615E-07,0.999999799919952,2.0008004803363615E-07,0.999999799919952,2.0008004803363615E-07,0.999999799919952,2.0008004803363615E-07,0.999999799919952,2.0008004803363615E-07,0.999999799919952,2.0008004803363615E-07,0.999999799919952,2.0008004803363615E-07,0.999999799919952,2.0008004803363615E-07,0.999999799919952,2.0008004803363615E-07,0.999999799919952,2.0008004803363615E-07,0.999999799919952,2.0008004803363615E-07,0.999999799919952,2.0008004803363615E-07,0.999999799919952,2.0008004803363615E-07,0.999999799919952,2.0008004803363615E-07,0.999999799919952,2.0008004803363615E-07,0.999999799919952,2.0008004803363615E-07,0.999999799919952,2.0008004803363615E-07,0.999999799919952,2.0008004803363615E-07,0.999999799919952,2.0008004803363615E-07,0.999999799919952,2.0008004803363615E-07,0.999999799919952,2.0008004803363615E-07,0.999999799919952,2.0008004803363615E-07,0.999999799919952,2.0008004803363615E-07,0.999999799919952,2.0008004803363615E-07,0.999999799919952,2.0008004803363615E-07,0.999999799919952,2.0008004803363615E-07,0.999999799919952,2.0008004803363615E-07,0.999999799919952,2.0008004803363615E-07,0.999999799919952,0.999999799919952,2.0008004803363615E-07,2.0008004803363615E-07,2.0008004803363615E-07,2.0008004803363615E-07,2.0008004803363615E-07,2.0008004803363615E-07,0.3447994680115441,0.3554951652746978,0.29970436631351793,2.0008004803363615E-07,0.999999799919952,2.0008004803363615E-07,0.999999799919952,2.0008004803363615E-07,0.999999799919952,2.0008004803363615E-07,0.999999799919952,2.0008004803363615E-07,0.999999799919952,2.0008004803363615E-07,0.999999799919952,2.0008004803363615E-07,0.999999799919952,2.0008004803363615E-07,0.999999799919952,2.0008004803363615E-07,0.999999799919952,2.0008004803363615E-07,0.999999799919952,2.0008004803363615E-07,0.999999799919952,2.0008004803363615E-07,0.999999799919952,2.0008004803363615E-07,0.999999799919952,2.0008004803363615E-07,0.999999799919952,2.0008004803363615E-07,0.999999799919952,2.0008004803363615E-07,0.999999799919952,2.0008004803363615E-07,0.999999799919952,2.0008004803363615E-07,0.999999799919952,2.0008004803363615E-07,0.999999799919952,2.0008004803363615E-07,0.999999799919952,2.0008004803363615E-07,0.999999799919952,2.0008004803363615E-07,0.999999799919952,2.0008004803363615E-07,0.999999799919952,2.0008004803363615E-07,0.999999799919952,2.0008004803363615E-07,0.999999799919952,2.0008004803363615E-07,0.999999799919952,2.0008004803363615E-07,0.999999799919952,2.0008004803363615E-07,0.999999799919952,0.999999799919952,2.0008004803363615E-07,2.0008004803363615E-07,2.0008004803363615E-07,2.0008004803363615E-07,2.0008004803363615E-07,2.0008004803363615E-07,0.330889744840035,0.353209524860295,0.3158997298994298,2.0008004803363615E-07,0.999999799919952,2.0008004803363615E-07,0.999999799919952,2.0008004803363615E-07,0.999999799919952,2.0008004803363615E-07,0.999999799919952,2.0008004803363615E-07,0.999999799919952,2.0008004803363615E-07,0.999999799919952,2.0008004803363615E-07,0.999999799919952,2.0008004803363615E-07,0.999999799919952,2.0008004803363615E-07,0.999999799919952,2.0008004803363615E-07,0.999999799919952,2.0008004803363615E-07,0.999999799919952,2.0008004803363615E-07,0.999999799919952,2.0008004803363615E-07,0.999999799919952,2.0008004803363615E-07,0.999999799919952,2.0008004803363615E-07,0.999999799919952,2.0008004803363615E-07,0.999999799919952,2.0008004803363615E-07,0.999999799919952,2.0008004803363615E-07,0.999999799919952,2.0008004803363615E-07,0.999999799919952,2.0008004803363615E-07,0.999999799919952,2.0008004803363615E-07,0.999999799919952,2.0008004803363615E-07,0.999999799919952,2.0008004803363615E-07,0.999999799919952,2.0008004803363615E-07,0.999999799919952,2.0008004803363615E-07,0.999999799919952,2.0008004803363615E-07,0.999999799919952,2.0008004803363615E-07,0.999999799919952,2.0008004803363615E-07,0.999999799919952,0.999999799919952,2.0008004803363615E-07,0.999999799919952,2.0008004803363615E-07,2.0008004803363615E-07,0.9999985994396638,2.0008004803363615E-07,2.0008004803363615E-07,2.0008004803363615E-07,2.0008004803363615E-07,2.0008004803363615E-07,2.0008004803363615E-07,0.9999985994396638,2.0008004803363615E-07,2.0008004803363615E-07,2.0008004803363615E-07,2.0008004803363615E-07,2.0008004803363615E-07,2.0008004803363615E-07,2.0008004803363615E-07,2.0008004803363615E-07,0.999999799919952,2.0008004803363615E-07,0.999999799919952,2.0008004803363615E-07,0.999999799919952,2.0008004803363615E-07,0.999999799919952,2.0008004803363615E-07,0.999999799919952,2.0008004803363615E-07,0.999999799919952,2.0008004803363615E-07,0.999999799919952,2.0008004803363615E-07,0.999999799919952,2.0008004803363615E-07,0.999999799919952,2.0008004803363615E-07,0.999999799919952,2.0008004803363615E-07,0.999999799919952,2.0008004803363615E-07,0.999999799919952,2.0008004803363615E-07,0.999999799919952,2.0008004803363615E-07,0.999999799919952,2.0008004803363615E-07,0.999999799919952,2.0008004803363615E-07,0.999999799919952,2.0008004803363615E-07,0.999999799919952,2.0008004803363615E-07,0.999999799919952,2.0008004803363615E-07,0.999999799919952,2.0008004803363615E-07,0.999999799919952,2.0008004803363615E-07,0.999999799919952,2.0008004803363615E-07,0.999999799919952,2.0008004803363615E-07,0.999999799919952,2.0008004803363615E-07,0.999999799919952,2.0008004803363615E-07,0.999999799919952,2.0008004803363615E-07,0.999999799919952,2.0008004803363615E-07,0.999999799919952,2.0008004803363615E-07,0.999999799919952,2.0008004803363615E-07,0.999999799919952,2.0008004803363615E-07,0.999999799919952,2.0008004803363615E-07,0.999999799919952,2.0008004803363615E-07,0.999999799919952,2.0008004803363615E-07,0.999999799919952,2.0008004803363615E-07,0.999999799919952,2.0008004803363615E-07,0.999999799919952,2.0008004803363615E-07,0.999999799919952,2.0008004803363615E-07,0.999999799919952,2.0008004803363615E-07,0.999999799919952,2.0008004803363615E-07,0.999999799919952,2.0008004803363615E-07,0.999999799919952,2.0008004803363615E-07,0.999999799919952,2.0008004803363615E-07,0.999999799919952,2.0008004803363615E-07,0.999999799919952,2.0008004803363615E-07,0.999999799919952,2.0008004803363615E-07,0.999999799919952,2.0008004803363615E-07,0.999999799919952,2.0008004803363615E-07,0.999999799919952,2.0008004803363615E-07,0.999999799919952,2.0008004803363615E-07,0.999999799919952,2.0008004803363615E-07,0.999999799919952,2.0008004803363615E-07,0.999999799919952,2.0008004803363615E-07,0.999999799919952,2.0008004803363615E-07,0.999999799919952,2.0008004803363615E-07,0.999999799919952,2.0008004803363615E-07,0.999999799919952,2.0008004803363615E-07,0.999999799919952,0.999999799919952,2.0008004803363615E-07,2.0008004803363615E-07,2.0008004803363615E-07,0.9999985994396638,2.0008004803363615E-07,2.0008004803363615E-07,2.0008004803363615E-07,2.0008004803363615E-07,2.0008004803363615E-07,2.0008004803363615E-07,0.999999799919952,2.0008004803363615E-07,0.999999799919952,2.0008004803363615E-07,0.999999799919952,2.0008004803363615E-07,0.999999799919952,2.0008004803363615E-07,0.999999799919952,2.0008004803363615E-07,0.999999799919952,2.0008004803363615E-07,0.999999799919952,2.0008004803363615E-07,0.999999799919952,2.0008004803363615E-07,0.999999799919952,2.0008004803363615E-07,0.999999799919952,2.0008004803363615E-07,0.999999799919952,2.0008004803363615E-07,0.999999799919952,2.0008004803363615E-07,0.999999799919952,2.0008004803363615E-07,0.999999799919952,2.0008004803363615E-07,0.999999799919952,2.0008004803363615E-07,0.999999799919952,2.0008004803363615E-07,0.999999799919952,2.0008004803363615E-07,0.999999799919952,2.0008004803363615E-07,0.999999799919952,2.0008004803363615E-07,0.999999799919952,2.0008004803363615E-07,0.999999799919952,2.0008004803363615E-07,0.999999799919952,2.0008004803363615E-07,0.999999799919952,2.0008004803363615E-07,0.999999799919952,2.0008004803363615E-07,0.999999799919952,2.0008004803363615E-07,0.999999799919952,2.0008004803363615E-07,0.999999799919952,2.0008004803363615E-07,0.999999799919952,0.999999799919952,2.0008004803363615E-07,2.0008004803363615E-07,2.0008004803363615E-07,2.0008004803363615E-07,0.7398842206233506,0.2601145788963614,2.0008004803363615E-07,2.0008004803363615E-07,2.0008004803363615E-07,2.0008004803363615E-07,0.999999799919952,2.0008004803363615E-07,0.999999799919952,2.0008004803363615E-07,0.999999799919952,2.0008004803363615E-07,0.999999799919952,2.0008004803363615E-07,0.999999799919952,2.0008004803363615E-07,0.999999799919952,2.0008004803363615E-07,0.999999799919952,2.0008004803363615E-07,0.999999799919952,2.0008004803363615E-07,0.999999799919952,2.0008004803363615E-07,0.999999799919952,2.0008004803363615E-07,0.999999799919952,2.0008004803363615E-07,0.999999799919952,2.0008004803363615E-07,0.999999799919952,2.0008004803363615E-07,0.999999799919952,2.0008004803363615E-07,0.999999799919952,2.0008004803363615E-07,0.999999799919952,2.0008004803363615E-07,0.999999799919952,2.0008004803363615E-07,0.999999799919952,2.0008004803363615E-07,0.999999799919952,2.0008004803363615E-07,0.999999799919952,2.0008004803363615E-07,0.999999799919952,2.0008004803363615E-07,0.999999799919952,2.0008004803363615E-07,0.999999799919952,2.0008004803363615E-07,0.999999799919952,2.0008004803363615E-07,0.999999799919952,2.0008004803363615E-07,0.999999799919952,2.0008004803363615E-07,0.999999799919952,2.0008004803363615E-07,0.999999799919952,0.999999799919952,2.0008004803363615E-07,2.0008004803363615E-07,2.0008004803363615E-07,2.0008004803363615E-07,0.47797878222051304,0.4457973460152636,0.07622287136398316,2.0008004803363615E-07,2.0008004803363615E-07,2.0008004803363615E-07,0.999999799919952,2.0008004803363615E-07,0.999999799919952,2.0008004803363615E-07,0.999999799919952,2.0008004803363615E-07,0.999999799919952,2.0008004803363615E-07,0.999999799919952,2.0008004803363615E-07,0.999999799919952,2.0008004803363615E-07,0.999999799919952,2.0008004803363615E-07,0.999999799919952,2.0008004803363615E-07,0.999999799919952,2.0008004803363615E-07,0.999999799919952,2.0008004803363615E-07,0.999999799919952,2.0008004803363615E-07,0.999999799919952,2.0008004803363615E-07,0.999999799919952,2.0008004803363615E-07,0.999999799919952,2.0008004803363615E-07,0.999999799919952,2.0008004803363615E-07,0.999999799919952,2.0008004803363615E-07,0.999999799919952,2.0008004803363615E-07,0.999999799919952,2.0008004803363615E-07,0.999999799919952,2.0008004803363615E-07,0.999999799919952,2.0008004803363615E-07,0.999999799919952,2.0008004803363615E-07,0.999999799919952,2.0008004803363615E-07,0.999999799919952,2.0008004803363615E-07,0.999999799919952,2.0008004803363615E-07,0.999999799919952,2.0008004803363615E-07,0.999999799919952,2.0008004803363615E-07,0.999999799919952,2.0008004803363615E-07,0.999999799919952,0.999999799919952,2.0008004803363615E-07,2.0008004803363615E-07,2.0008004803363615E-07,2.0008004803363615E-07,0.2600698607226099,0.3910130228526353,0.31306678835075785,0.035849527753804865,2.0008004803363615E-07,2.0008004803363615E-07,0.999999799919952,2.0008004803363615E-07,0.999999799919952,2.0008004803363615E-07,0.999999799919952,2.0008004803363615E-07,0.999999799919952,2.0008004803363615E-07,0.999999799919952,2.0008004803363615E-07,0.999999799919952,2.0008004803363615E-07,0.999999799919952,2.0008004803363615E-07,0.999999799919952,2.0008004803363615E-07,0.999999799919952,2.0008004803363615E-07,0.999999799919952,2.0008004803363615E-07,0.999999799919952,2.0008004803363615E-07,0.999999799919952,2.0008004803363615E-07,0.999999799919952,2.0008004803363615E-07,0.999999799919952,2.0008004803363615E-07,0.999999799919952,2.0008004803363615E-07,0.999999799919952,2.0008004803363615E-07,0.999999799919952,2.0008004803363615E-07,0.999999799919952,2.0008004803363615E-07,0.999999799919952,2.0008004803363615E-07,0.999999799919952,2.0008004803363615E-07,0.999999799919952,2.0008004803363615E-07,0.999999799919952,2.0008004803363615E-07,0.999999799919952,2.0008004803363615E-07,0.999999799919952,2.0008004803363615E-07,0.999999799919952,2.0008004803363615E-07,0.999999799919952,2.0008004803363615E-07,0.999999799919952,2.0008004803363615E-07,0.999999799919952,0.999999799919952,2.0008004803363615E-07,2.0008004803363615E-07,2.0008004803363615E-07,2.0008004803363615E-07,0.09790340176290198,0.3427205551528795,0.3448927630804601,0.2144824796835663,2.0008004803363615E-07,2.0008004803363615E-07,0.999999799919952,2.0008004803363615E-07,0.999999799919952,2.0008004803363615E-07,0.999999799919952,2.0008004803363615E-07,0.999999799919952,2.0008004803363615E-07,0.999999799919952,2.0008004803363615E-07,0.999999799919952,2.0008004803363615E-07,0.999999799919952,2.0008004803363615E-07,0.999999799919952,2.0008004803363615E-07,0.999999799919952,2.0008004803363615E-07,0.999999799919952,2.0008004803363615E-07,0.999999799919952,2.0008004803363615E-07,0.999999799919952,2.0008004803363615E-07,0.999999799919952,2.0008004803363615E-07,0.999999799919952,2.0008004803363615E-07,0.999999799919952,2.0008004803363615E-07,0.999999799919952,2.0008004803363615E-07,0.999999799919952,2.0008004803363615E-07,0.999999799919952,2.0008004803363615E-07,0.999999799919952,2.0008004803363615E-07,0.999999799919952,2.0008004803363615E-07,0.999999799919952,2.0008004803363615E-07,0.999999799919952,2.0008004803363615E-07,0.999999799919952,2.0008004803363615E-07,0.999999799919952,2.0008004803363615E-07,0.999999799919952,2.0008004803363615E-07,0.999999799919952,2.0008004803363615E-07,0.999999799919952,2.0008004803363615E-07,0.999999799919952,0.999999799919952,2.0008004803363615E-07,2.0008004803363615E-07,2.0008004803363615E-07,2.0008004803363615E-07,2.0008004803363615E-07,0.30137228010187217,0.3334886459832977,0.26609078954549176,0.09904748404914603,2.0008004803363615E-07,0.999999799919952,2.0008004803363615E-07,0.999999799919952,2.0008004803363615E-07,0.999999799919952,2.0008004803363615E-07,0.999999799919952,2.0008004803363615E-07,0.999999799919952,2.0008004803363615E-07,0.999999799919952,2.0008004803363615E-07,0.999999799919952,2.0008004803363615E-07,0.999999799919952,2.0008004803363615E-07,0.999999799919952,2.0008004803363615E-07,0.999999799919952,2.0008004803363615E-07,0.999999799919952,2.0008004803363615E-07,0.999999799919952,2.0008004803363615E-07,0.999999799919952,2.0008004803363615E-07,0.999999799919952,2.0008004803363615E-07,0.999999799919952,2.0008004803363615E-07,0.999999799919952,2.0008004803363615E-07,0.999999799919952,2.0008004803363615E-07,0.999999799919952,2.0008004803363615E-07,0.999999799919952,2.0008004803363615E-07,0.999999799919952,2.0008004803363615E-07,0.999999799919952,2.0008004803363615E-07,0.999999799919952,2.0008004803363615E-07,0.999999799919952,2.0008004803363615E-07,0.999999799919952,2.0008004803363615E-07,0.999999799919952,2.0008004803363615E-07,0.999999799919952,2.0008004803363615E-07,0.999999799919952,2.0008004803363615E-07,0.999999799919952,0.999999799919952,2.0008004803363615E-07,2.0008004803363615E-07,2.0008004803363615E-07,2.0008004803363615E-07,2.0008004803363615E-07,0.26811881507320173,0.31053584035298193,0.2712285595549972,0.15011598469862708,2.0008004803363615E-07,0.999999799919952,2.0008004803363615E-07,0.999999799919952,2.0008004803363615E-07,0.999999799919952,2.0008004803363615E-07,0.999999799919952,2.0008004803363615E-07,0.999999799919952,2.0008004803363615E-07,0.999999799919952,2.0008004803363615E-07,0.999999799919952,2.0008004803363615E-07,0.999999799919952,2.0008004803363615E-07,0.999999799919952,2.0008004803363615E-07,0.999999799919952,2.0008004803363615E-07,0.999999799919952,2.0008004803363615E-07,0.999999799919952,2.0008004803363615E-07,0.999999799919952,2.0008004803363615E-07,0.999999799919952,2.0008004803363615E-07,0.999999799919952,2.0008004803363615E-07,0.999999799919952,2.0008004803363615E-07,0.999999799919952,2.0008004803363615E-07,0.999999799919952,2.0008004803363615E-07,0.999999799919952,2.0008004803363615E-07,0.999999799919952,2.0008004803363615E-07,0.999999799919952,2.0008004803363615E-07,0.999999799919952,2.0008004803363615E-07,0.999999799919952,2.0008004803363615E-07,0.999999799919952,2.0008004803363615E-07,0.999999799919952,2.0008004803363615E-07,0.999999799919952,2.0008004803363615E-07,0.999999799919952,2.0008004803363615E-07,0.999999799919952,0.999999799919952,2.0008004803363615E-07,0.999999799919952,2.0008004803363615E-07,0.9999985994396638,2.0008004803363615E-07,2.0008004803363615E-07,2.0008004803363615E-07,2.0008004803363615E-07,2.0008004803363615E-07,2.0008004803363615E-07,2.0008004803363615E-07,0.9999985994396638,2.0008004803363615E-07,2.0008004803363615E-07,2.0008004803363615E-07,2.0008004803363615E-07,2.0008004803363615E-07,2.0008004803363615E-07,2.0008004803363615E-07,2.0008004803363615E-07,0.999999799919952,2.0008004803363615E-07,0.999999799919952,2.0008004803363615E-07,0.999999799919952,2.0008004803363615E-07,0.999999799919952,2.0008004803363615E-07,0.999999799919952,2.0008004803363615E-07,0.999999799919952,2.0008004803363615E-07,0.999999799919952,2.0008004803363615E-07,0.999999799919952,2.0008004803363615E-07,0.999999799919952,2.0008004803363615E-07,0.999999799919952,2.0008004803363615E-07,0.999999799919952,2.0008004803363615E-07,0.999999799919952,2.0008004803363615E-07,0.999999799919952,2.0008004803363615E-07,0.999999799919952,2.0008004803363615E-07,0.999999799919952,2.0008004803363615E-07,0.999999799919952,2.0008004803363615E-07,0.999999799919952,2.0008004803363615E-07,0.999999799919952,2.0008004803363615E-07,0.999999799919952,2.0008004803363615E-07,0.999999799919952,2.0008004803363615E-07,0.999999799919952,2.0008004803363615E-07,0.999999799919952,2.0008004803363615E-07,0.999999799919952,2.0008004803363615E-07,0.999999799919952,2.0008004803363615E-07,0.999999799919952,2.0008004803363615E-07,0.999999799919952,2.0008004803363615E-07,0.999999799919952,2.0008004803363615E-07,0.999999799919952,2.0008004803363615E-07,0.999999799919952,2.0008004803363615E-07,0.999999799919952,2.0008004803363615E-07,0.999999799919952,2.0008004803363615E-07,0.999999799919952,2.0008004803363615E-07,0.999999799919952,2.0008004803363615E-07,0.999999799919952,2.0008004803363615E-07,0.999999799919952,2.0008004803363615E-07,0.999999799919952,2.0008004803363615E-07,0.999999799919952,2.0008004803363615E-07,0.999999799919952,2.0008004803363615E-07,0.999999799919952,2.0008004803363615E-07,0.999999799919952,2.0008004803363615E-07,0.999999799919952,2.0008004803363615E-07,0.999999799919952,2.0008004803363615E-07,0.999999799919952,2.0008004803363615E-07,0.999999799919952,2.0008004803363615E-07,0.999999799919952,2.0008004803363615E-07,0.999999799919952,2.0008004803363615E-07,0.999999799919952,2.0008004803363615E-07,0.999999799919952,2.0008004803363615E-07,0.999999799919952,2.0008004803363615E-07,0.999999799919952,2.0008004803363615E-07,0.999999799919952,2.0008004803363615E-07,0.999999799919952,2.0008004803363615E-07,0.999999799919952,2.0008004803363615E-07,0.999999799919952,2.0008004803363615E-07,0.999999799919952,2.0008004803363615E-07,0.999999799919952,0.999999799919952,2.0008004803363615E-07,0.9999985994396638,2.0008004803363615E-07,2.0008004803363615E-07,2.0008004803363615E-07,2.0008004803363615E-07,2.0008004803363615E-07,2.0008004803363615E-07,2.0008004803363615E-07,2.0008004803363615E-07,0.999999799919952,2.0008004803363615E-07,0.999999799919952,2.0008004803363615E-07,0.999999799919952,2.0008004803363615E-07,0.999999799919952,2.0008004803363615E-07,0.999999799919952,2.0008004803363615E-07,0.999999799919952,2.0008004803363615E-07,0.999999799919952,2.0008004803363615E-07,0.999999799919952,2.0008004803363615E-07,0.999999799919952,2.0008004803363615E-07,0.999999799919952,2.0008004803363615E-07,0.999999799919952,2.0008004803363615E-07,0.999999799919952,2.0008004803363615E-07,0.999999799919952,2.0008004803363615E-07,0.999999799919952,2.0008004803363615E-07,0.999999799919952,2.0008004803363615E-07,0.999999799919952,2.0008004803363615E-07,0.999999799919952,2.0008004803363615E-07,0.999999799919952,2.0008004803363615E-07,0.999999799919952,2.0008004803363615E-07,0.999999799919952,2.0008004803363615E-07,0.999999799919952,2.0008004803363615E-07,0.999999799919952,2.0008004803363615E-07,0.999999799919952,2.0008004803363615E-07,0.999999799919952,2.0008004803363615E-07,0.999999799919952,2.0008004803363615E-07,0.999999799919952,2.0008004803363615E-07,0.999999799919952,2.0008004803363615E-07,0.999999799919952,0.999999799919952,2.0008004803363615E-07,0.9999985994396638,2.0008004803363615E-07,2.0008004803363615E-07,2.0008004803363615E-07,2.0008004803363615E-07,2.0008004803363615E-07,2.0008004803363615E-07,2.0008004803363615E-07,2.0008004803363615E-07,0.999999799919952,2.0008004803363615E-07,0.999999799919952,2.0008004803363615E-07,0.999999799919952,2.0008004803363615E-07,0.999999799919952,2.0008004803363615E-07,0.999999799919952,2.0008004803363615E-07,0.999999799919952,2.0008004803363615E-07,0.999999799919952,2.0008004803363615E-07,0.999999799919952,2.0008004803363615E-07,0.999999799919952,2.0008004803363615E-07,0.999999799919952,2.0008004803363615E-07,0.999999799919952,2.0008004803363615E-07,0.999999799919952,2.0008004803363615E-07,0.999999799919952,2.0008004803363615E-07,0.999999799919952,2.0008004803363615E-07,0.999999799919952,2.0008004803363615E-07,0.999999799919952,2.0008004803363615E-07,0.999999799919952,2.0008004803363615E-07,0.999999799919952,2.0008004803363615E-07,0.999999799919952,2.0008004803363615E-07,0.999999799919952,2.0008004803363615E-07,0.999999799919952,2.0008004803363615E-07,0.999999799919952,2.0008004803363615E-07,0.999999799919952,2.0008004803363615E-07,0.999999799919952,2.0008004803363615E-07,0.999999799919952,2.0008004803363615E-07,0.999999799919952,2.0008004803363615E-07,0.999999799919952,2.0008004803363615E-07,0.999999799919952,0.999999799919952,2.0008004803363615E-07,0.9999985994396638,2.0008004803363615E-07,2.0008004803363615E-07,2.0008004803363615E-07,2.0008004803363615E-07,2.0008004803363615E-07,2.0008004803363615E-07,2.0008004803363615E-07,2.0008004803363615E-07,0.999999799919952,2.0008004803363615E-07,0.999999799919952,2.0008004803363615E-07,0.999999799919952,2.0008004803363615E-07,0.999999799919952,2.0008004803363615E-07,0.999999799919952,2.0008004803363615E-07,0.999999799919952,2.0008004803363615E-07,0.999999799919952,2.0008004803363615E-07,0.999999799919952,2.0008004803363615E-07,0.999999799919952,2.0008004803363615E-07,0.999999799919952,2.0008004803363615E-07,0.999999799919952,2.0008004803363615E-07,0.999999799919952,2.0008004803363615E-07,0.999999799919952,2.0008004803363615E-07,0.999999799919952,2.0008004803363615E-07,0.999999799919952,2.0008004803363615E-07,0.999999799919952,2.0008004803363615E-07,0.999999799919952,2.0008004803363615E-07,0.999999799919952,2.0008004803363615E-07,0.999999799919952,2.0008004803363615E-07,0.999999799919952,2.0008004803363615E-07,0.999999799919952,2.0008004803363615E-07,0.999999799919952,2.0008004803363615E-07,0.999999799919952,2.0008004803363615E-07,0.999999799919952,2.0008004803363615E-07,0.999999799919952,2.0008004803363615E-07,0.999999799919952,2.0008004803363615E-07,0.999999799919952,2.0008004803363615E-07,0.999999799919952,0.999999799919952,2.0008004803363615E-07,2.0008004803363615E-07,2.0008004803363615E-07,2.0008004803363615E-07,0.9999985994396638,2.0008004803363615E-07,2.0008004803363615E-07,2.0008004803363615E-07,2.0008004803363615E-07,2.0008004803363615E-07,0.999999799919952,2.0008004803363615E-07,0.999999799919952,2.0008004803363615E-07,0.999999799919952,2.0008004803363615E-07,0.999999799919952,2.0008004803363615E-07,0.999999799919952,2.0008004803363615E-07,0.999999799919952,2.0008004803363615E-07,0.999999799919952,2.0008004803363615E-07,0.999999799919952,2.0008004803363615E-07,0.999999799919952,2.0008004803363615E-07,0.999999799919952,2.0008004803363615E-07,0.999999799919952,2.0008004803363615E-07,0.999999799919952,2.0008004803363615E-07,0.999999799919952,2.0008004803363615E-07,0.999999799919952,2.0008004803363615E-07,0.999999799919952,2.0008004803363615E-07,0.999999799919952,2.0008004803363615E-07,0.999999799919952,2.0008004803363615E-07,0.999999799919952,2.0008004803363615E-07,0.999999799919952,2.0008004803363615E-07,0.999999799919952,2.0008004803363615E-07,0.999999799919952,2.0008004803363615E-07,0.999999799919952,2.0008004803363615E-07,0.999999799919952,2.0008004803363615E-07,0.999999799919952,2.0008004803363615E-07,0.999999799919952,2.0008004803363615E-07,0.999999799919952,2.0008004803363615E-07,0.999999799919952,2.0008004803363615E-07,0.999999799919952,0.999999799919952,2.0008004803363615E-07,2.0008004803363615E-07,2.0008004803363615E-07,2.0008004803363615E-07,0.9999985994396638,2.0008004803363615E-07,2.0008004803363615E-07,2.0008004803363615E-07,2.0008004803363615E-07,2.0008004803363615E-07,0.999999799919952,2.0008004803363615E-07,0.999999799919952,2.0008004803363615E-07,0.999999799919952,2.0008004803363615E-07,0.999999799919952,2.0008004803363615E-07,0.999999799919952,2.0008004803363615E-07,0.999999799919952,2.0008004803363615E-07,0.999999799919952,2.0008004803363615E-07,0.999999799919952,2.0008004803363615E-07,0.999999799919952,2.0008004803363615E-07,0.999999799919952,2.0008004803363615E-07,0.999999799919952,2.0008004803363615E-07,0.999999799919952,2.0008004803363615E-07,0.999999799919952,2.0008004803363615E-07,0.999999799919952,2.0008004803363615E-07,0.999999799919952,2.0008004803363615E-07,0.999999799919952,2.0008004803363615E-07,0.999999799919952,2.0008004803363615E-07,0.999999799919952,2.0008004803363615E-07,0.999999799919952,2.0008004803363615E-07,0.999999799919952,2.0008004803363615E-07,0.999999799919952,2.0008004803363615E-07,0.999999799919952,2.0008004803363615E-07,0.999999799919952,2.0008004803363615E-07,0.999999799919952,2.0008004803363615E-07,0.999999799919952,2.0008004803363615E-07,0.999999799919952,2.0008004803363615E-07,0.999999799919952,2.0008004803363615E-07,0.999999799919952,0.999999799919952,2.0008004803363615E-07,2.0008004803363615E-07,2.0008004803363615E-07,2.0008004803363615E-07,0.6217726602703909,0.37822613924932097,2.0008004803363615E-07,2.0008004803363615E-07,2.0008004803363615E-07,2.0008004803363615E-07,0.999999799919952,2.0008004803363615E-07,0.999999799919952,2.0008004803363615E-07,0.999999799919952,2.0008004803363615E-07,0.999999799919952,2.0008004803363615E-07,0.999999799919952,2.0008004803363615E-07,0.999999799919952,2.0008004803363615E-07,0.999999799919952,2.0008004803363615E-07,0.999999799919952,2.0008004803363615E-07,0.999999799919952,2.0008004803363615E-07,0.999999799919952,2.0008004803363615E-07,0.999999799919952,2.0008004803363615E-07,0.999999799919952,2.0008004803363615E-07,0.999999799919952,2.0008004803363615E-07,0.999999799919952,2.0008004803363615E-07,0.999999799919952,2.0008004803363615E-07,0.999999799919952,2.0008004803363615E-07,0.999999799919952,2.0008004803363615E-07,0.999999799919952,2.0008004803363615E-07,0.999999799919952,2.0008004803363615E-07,0.999999799919952,2.0008004803363615E-07,0.999999799919952,2.0008004803363615E-07,0.999999799919952,2.0008004803363615E-07,0.999999799919952,2.0008004803363615E-07,0.999999799919952,2.0008004803363615E-07,0.999999799919952,2.0008004803363615E-07,0.999999799919952,2.0008004803363615E-07,0.999999799919952,2.0008004803363615E-07,0.999999799919952,0.999999799919952,2.0008004803363615E-07,2.0008004803363615E-07,2.0008004803363615E-07,2.0008004803363615E-07,0.5075095892995871,0.4924892102201248,2.0008004803363615E-07,2.0008004803363615E-07,2.0008004803363615E-07,2.0008004803363615E-07,0.999999799919952,2.0008004803363615E-07,0.999999799919952,2.0008004803363615E-07,0.999999799919952,2.0008004803363615E-07,0.999999799919952,2.0008004803363615E-07,0.999999799919952,2.0008004803363615E-07,0.999999799919952,2.0008004803363615E-07,0.999999799919952,2.0008004803363615E-07,0.999999799919952,2.0008004803363615E-07,0.999999799919952,2.0008004803363615E-07,0.999999799919952,2.0008004803363615E-07,0.999999799919952,2.0008004803363615E-07,0.999999799919952,2.0008004803363615E-07,0.999999799919952,2.0008004803363615E-07,0.999999799919952,2.0008004803363615E-07,0.999999799919952,2.0008004803363615E-07,0.999999799919952,2.0008004803363615E-07,0.999999799919952,2.0008004803363615E-07,0.999999799919952,2.0008004803363615E-07,0.999999799919952,2.0008004803363615E-07,0.999999799919952,2.0008004803363615E-07,0.999999799919952,2.0008004803363615E-07,0.999999799919952,2.0008004803363615E-07,0.999999799919952,2.0008004803363615E-07,0.999999799919952,2.0008004803363615E-07,0.999999799919952,2.0008004803363615E-07,0.999999799919952,2.0008004803363615E-07,0.999999799919952,2.0008004803363615E-07,0.999999799919952,0.999999799919952,2.0008004803363615E-07,0.999999799919952,2.0008004803363615E-07,0.9999985994396638,2.0008004803363615E-07,2.0008004803363615E-07,2.0008004803363615E-07,2.0008004803363615E-07,2.0008004803363615E-07,2.0008004803363615E-07,2.0008004803363615E-07,0.9999985994396638,2.0008004803363615E-07,2.0008004803363615E-07,2.0008004803363615E-07,2.0008004803363615E-07,2.0008004803363615E-07,2.0008004803363615E-07,2.0008004803363615E-07,2.0008004803363615E-07,0.999999799919952,2.0008004803363615E-07,0.999999799919952,2.0008004803363615E-07,0.999999799919952,2.0008004803363615E-07,0.999999799919952,2.0008004803363615E-07,0.999999799919952,2.0008004803363615E-07,0.999999799919952,2.0008004803363615E-07,0.999999799919952,2.0008004803363615E-07,0.999999799919952,2.0008004803363615E-07,0.999999799919952,2.0008004803363615E-07,0.999999799919952,2.0008004803363615E-07,0.999999799919952,2.0008004803363615E-07,0.999999799919952,2.0008004803363615E-07,0.999999799919952,2.0008004803363615E-07,0.999999799919952,2.0008004803363615E-07,0.999999799919952,2.0008004803363615E-07,0.999999799919952,2.0008004803363615E-07,0.999999799919952,2.0008004803363615E-07,0.999999799919952,2.0008004803363615E-07,0.999999799919952,2.0008004803363615E-07,0.999999799919952,2.0008004803363615E-07,0.999999799919952,2.0008004803363615E-07,0.999999799919952,2.0008004803363615E-07,0.999999799919952,2.0008004803363615E-07,0.999999799919952,2.0008004803363615E-07,0.999999799919952,2.0008004803363615E-07,0.999999799919952,2.0008004803363615E-07,0.999999799919952,2.0008004803363615E-07,0.999999799919952,2.0008004803363615E-07,0.999999799919952,2.0008004803363615E-07,0.999999799919952,2.0008004803363615E-07,0.999999799919952,2.0008004803363615E-07,0.999999799919952,2.0008004803363615E-07,0.999999799919952,2.0008004803363615E-07,0.999999799919952,2.0008004803363615E-07,0.999999799919952,2.0008004803363615E-07,0.999999799919952,2.0008004803363615E-07,0.999999799919952,2.0008004803363615E-07,0.999999799919952,2.0008004803363615E-07,0.999999799919952,2.0008004803363615E-07,0.999999799919952,2.0008004803363615E-07,0.999999799919952,2.0008004803363615E-07,0.999999799919952,2.0008004803363615E-07,0.999999799919952,2.0008004803363615E-07,0.999999799919952,2.0008004803363615E-07,0.999999799919952,2.0008004803363615E-07,0.999999799919952,2.0008004803363615E-07,0.999999799919952,2.0008004803363615E-07,0.999999799919952,2.0008004803363615E-07,0.999999799919952,2.0008004803363615E-07,0.999999799919952,2.0008004803363615E-07,0.999999799919952,2.0008004803363615E-07,0.999999799919952,2.0008004803363615E-07,0.999999799919952,2.0008004803363615E-07,0.999999799919952,2.0008004803363615E-07,0.999999799919952,2.0008004803363615E-07,0.999999799919952,0.999999799919952,2.0008004803363615E-07,0.9999985994396638,2.0008004803363615E-07,2.0008004803363615E-07,2.0008004803363615E-07,2.0008004803363615E-07,2.0008004803363615E-07,2.0008004803363615E-07,2.0008004803363615E-07,2.0008004803363615E-07,0.999999799919952,2.0008004803363615E-07,0.999999799919952,2.0008004803363615E-07,0.999999799919952,2.0008004803363615E-07,0.999999799919952,2.0008004803363615E-07,0.999999799919952,2.0008004803363615E-07,0.999999799919952,2.0008004803363615E-07,0.999999799919952,2.0008004803363615E-07,0.999999799919952,2.0008004803363615E-07,0.999999799919952,2.0008004803363615E-07,0.999999799919952,2.0008004803363615E-07,0.999999799919952,2.0008004803363615E-07,0.999999799919952,2.0008004803363615E-07,0.999999799919952,2.0008004803363615E-07,0.999999799919952,2.0008004803363615E-07,0.999999799919952,2.0008004803363615E-07,0.999999799919952,2.0008004803363615E-07,0.999999799919952,2.0008004803363615E-07,0.999999799919952,2.0008004803363615E-07,0.999999799919952,2.0008004803363615E-07,0.999999799919952,2.0008004803363615E-07,0.999999799919952,2.0008004803363615E-07,0.999999799919952,2.0008004803363615E-07,0.999999799919952,2.0008004803363615E-07,0.999999799919952,2.0008004803363615E-07,0.999999799919952,2.0008004803363615E-07,0.999999799919952,2.0008004803363615E-07,0.999999799919952,2.0008004803363615E-07,0.999999799919952,0.999999799919952,2.0008004803363615E-07,0.9999985994396638,2.0008004803363615E-07,2.0008004803363615E-07,2.0008004803363615E-07,2.0008004803363615E-07,2.0008004803363615E-07,2.0008004803363615E-07,2.0008004803363615E-07,2.0008004803363615E-07,0.999999799919952,2.0008004803363615E-07,0.999999799919952,2.0008004803363615E-07,0.999999799919952,2.0008004803363615E-07,0.999999799919952,2.0008004803363615E-07,0.999999799919952,2.0008004803363615E-07,0.999999799919952,2.0008004803363615E-07,0.999999799919952,2.0008004803363615E-07,0.999999799919952,2.0008004803363615E-07,0.999999799919952,2.0008004803363615E-07,0.999999799919952,2.0008004803363615E-07,0.999999799919952,2.0008004803363615E-07,0.999999799919952,2.0008004803363615E-07,0.999999799919952,2.0008004803363615E-07,0.999999799919952,2.0008004803363615E-07,0.999999799919952,2.0008004803363615E-07,0.999999799919952,2.0008004803363615E-07,0.999999799919952,2.0008004803363615E-07,0.999999799919952,2.0008004803363615E-07,0.999999799919952,2.0008004803363615E-07,0.999999799919952,2.0008004803363615E-07,0.999999799919952,2.0008004803363615E-07,0.999999799919952,2.0008004803363615E-07,0.999999799919952,2.0008004803363615E-07,0.999999799919952,2.0008004803363615E-07,0.999999799919952,2.0008004803363615E-07,0.999999799919952,2.0008004803363615E-07,0.999999799919952,2.0008004803363615E-07,0.999999799919952,0.999999799919952,2.0008004803363615E-07,0.9999985994396638,2.0008004803363615E-07,2.0008004803363615E-07,2.0008004803363615E-07,2.0008004803363615E-07,2.0008004803363615E-07,2.0008004803363615E-07,2.0008004803363615E-07,2.0008004803363615E-07,0.999999799919952,2.0008004803363615E-07,0.999999799919952,2.0008004803363615E-07,0.999999799919952,2.0008004803363615E-07,0.999999799919952,2.0008004803363615E-07,0.999999799919952,2.0008004803363615E-07,0.999999799919952,2.0008004803363615E-07,0.999999799919952,2.0008004803363615E-07,0.999999799919952,2.0008004803363615E-07,0.999999799919952,2.0008004803363615E-07,0.999999799919952,2.0008004803363615E-07,0.999999799919952,2.0008004803363615E-07,0.999999799919952,2.0008004803363615E-07,0.999999799919952,2.0008004803363615E-07,0.999999799919952,2.0008004803363615E-07,0.999999799919952,2.0008004803363615E-07,0.999999799919952,2.0008004803363615E-07,0.999999799919952,2.0008004803363615E-07,0.999999799919952,2.0008004803363615E-07,0.999999799919952,2.0008004803363615E-07,0.999999799919952,2.0008004803363615E-07,0.999999799919952,2.0008004803363615E-07,0.999999799919952,2.0008004803363615E-07,0.999999799919952,2.0008004803363615E-07,0.999999799919952,2.0008004803363615E-07,0.999999799919952,2.0008004803363615E-07,0.999999799919952,2.0008004803363615E-07,0.999999799919952,2.0008004803363615E-07,0.999999799919952,0.999999799919952,2.0008004803363615E-07,0.9999985994396638,2.0008004803363615E-07,2.0008004803363615E-07,2.0008004803363615E-07,2.0008004803363615E-07,2.0008004803363615E-07,2.0008004803363615E-07,2.0008004803363615E-07,2.0008004803363615E-07,0.999999799919952,2.0008004803363615E-07,0.999999799919952,2.0008004803363615E-07,0.999999799919952,2.0008004803363615E-07,0.999999799919952,2.0008004803363615E-07,0.999999799919952,2.0008004803363615E-07,0.999999799919952,2.0008004803363615E-07,0.999999799919952,2.0008004803363615E-07,0.999999799919952,2.0008004803363615E-07,0.999999799919952,2.0008004803363615E-07,0.999999799919952,2.0008004803363615E-07,0.999999799919952,2.0008004803363615E-07,0.999999799919952,2.0008004803363615E-07,0.999999799919952,2.0008004803363615E-07,0.999999799919952,2.0008004803363615E-07,0.999999799919952,2.0008004803363615E-07,0.999999799919952,2.0008004803363615E-07,0.999999799919952,2.0008004803363615E-07,0.999999799919952,2.0008004803363615E-07,0.999999799919952,2.0008004803363615E-07,0.999999799919952,2.0008004803363615E-07,0.999999799919952,2.0008004803363615E-07,0.999999799919952,2.0008004803363615E-07,0.999999799919952,2.0008004803363615E-07,0.999999799919952,2.0008004803363615E-07,0.999999799919952,2.0008004803363615E-07,0.999999799919952,2.0008004803363615E-07,0.999999799919952,2.0008004803363615E-07,0.999999799919952,0.999999799919952,2.0008004803363615E-07,2.0008004803363615E-07,2.0008004803363615E-07,2.0008004803363615E-07,0.9999985994396638,2.0008004803363615E-07,2.0008004803363615E-07,2.0008004803363615E-07,2.0008004803363615E-07,2.0008004803363615E-07,0.999999799919952,2.0008004803363615E-07,0.999999799919952,2.0008004803363615E-07,0.999999799919952,2.0008004803363615E-07,0.999999799919952,2.0008004803363615E-07,0.999999799919952,2.0008004803363615E-07,0.999999799919952,2.0008004803363615E-07,0.999999799919952,2.0008004803363615E-07,0.999999799919952,2.0008004803363615E-07,0.999999799919952,2.0008004803363615E-07,0.999999799919952,2.0008004803363615E-07,0.999999799919952,2.0008004803363615E-07,0.999999799919952,2.0008004803363615E-07,0.999999799919952,2.0008004803363615E-07,0.999999799919952,2.0008004803363615E-07,0.999999799919952,2.0008004803363615E-07,0.999999799919952,2.0008004803363615E-07,0.999999799919952,2.0008004803363615E-07,0.999999799919952,2.0008004803363615E-07,0.999999799919952,2.0008004803363615E-07,0.999999799919952,2.0008004803363615E-07,0.999999799919952,2.0008004803363615E-07,0.999999799919952,2.0008004803363615E-07,0.999999799919952,2.0008004803363615E-07,0.999999799919952,2.0008004803363615E-07,0.999999799919952,2.0008004803363615E-07,0.999999799919952,2.0008004803363615E-07,0.999999799919952,2.0008004803363615E-07,0.999999799919952,0.999999799919952,2.0008004803363615E-07,2.0008004803363615E-07,2.0008004803363615E-07,2.0008004803363615E-07,0.9999985994396638,2.0008004803363615E-07,2.0008004803363615E-07,2.0008004803363615E-07,2.0008004803363615E-07,2.0008004803363615E-07,0.999999799919952,2.0008004803363615E-07,0.999999799919952,2.0008004803363615E-07,0.999999799919952,2.0008004803363615E-07,0.999999799919952,2.0008004803363615E-07,0.999999799919952,2.0008004803363615E-07,0.999999799919952,2.0008004803363615E-07,0.999999799919952,2.0008004803363615E-07,0.999999799919952,2.0008004803363615E-07,0.999999799919952,2.0008004803363615E-07,0.999999799919952,2.0008004803363615E-07,0.999999799919952,2.0008004803363615E-07,0.999999799919952,2.0008004803363615E-07,0.999999799919952,2.0008004803363615E-07,0.999999799919952,2.0008004803363615E-07,0.999999799919952,2.0008004803363615E-07,0.999999799919952,2.0008004803363615E-07,0.999999799919952,2.0008004803363615E-07,0.999999799919952,2.0008004803363615E-07,0.999999799919952,2.0008004803363615E-07,0.999999799919952,2.0008004803363615E-07,0.999999799919952,2.0008004803363615E-07,0.999999799919952,2.0008004803363615E-07,0.999999799919952,2.0008004803363615E-07,0.999999799919952,2.0008004803363615E-07,0.999999799919952,2.0008004803363615E-07,0.999999799919952,2.0008004803363615E-07,0.999999799919952,2.0008004803363615E-07,0.999999799919952,0.999999799919952,2.0008004803363615E-07,2.0008004803363615E-07,2.0008004803363615E-07,2.0008004803363615E-07,0.9999985994396638,2.0008004803363615E-07,2.0008004803363615E-07,2.0008004803363615E-07,2.0008004803363615E-07,2.0008004803363615E-07,0.999999799919952,2.0008004803363615E-07,0.999999799919952,2.0008004803363615E-07,0.999999799919952,2.0008004803363615E-07,0.999999799919952,2.0008004803363615E-07,0.999999799919952,2.0008004803363615E-07,0.999999799919952,2.0008004803363615E-07,0.999999799919952,2.0008004803363615E-07,0.999999799919952,2.0008004803363615E-07,0.999999799919952,2.0008004803363615E-07,0.999999799919952,2.0008004803363615E-07,0.999999799919952,2.0008004803363615E-07,0.999999799919952,2.0008004803363615E-07,0.999999799919952,2.0008004803363615E-07,0.999999799919952,2.0008004803363615E-07,0.999999799919952,2.0008004803363615E-07,0.999999799919952,2.0008004803363615E-07,0.999999799919952,2.0008004803363615E-07,0.999999799919952,2.0008004803363615E-07,0.999999799919952,2.0008004803363615E-07,0.999999799919952,2.0008004803363615E-07,0.999999799919952,2.0008004803363615E-07,0.999999799919952,2.0008004803363615E-07,0.999999799919952,2.0008004803363615E-07,0.999999799919952,2.0008004803363615E-07,0.999999799919952,2.0008004803363615E-07,0.999999799919952,2.0008004803363615E-07,0.999999799919952,2.0008004803363615E-07,0.999999799919952,0.999999799919952,2.0008004803363615E-07,0.999999799919952,2.0008004803363615E-07,0.9999985994396638,2.0008004803363615E-07,2.0008004803363615E-07,2.0008004803363615E-07,2.0008004803363615E-07,2.0008004803363615E-07,2.0008004803363615E-07,2.0008004803363615E-07,0.9999985994396638,2.0008004803363615E-07,2.0008004803363615E-07,2.0008004803363615E-07,2.0008004803363615E-07,2.0008004803363615E-07,2.0008004803363615E-07,2.0008004803363615E-07,2.0008004803363615E-07,0.999999799919952,2.0008004803363615E-07,0.999999799919952,2.0008004803363615E-07,0.999999799919952,2.0008004803363615E-07,0.999999799919952,2.0008004803363615E-07,0.999999799919952,2.0008004803363615E-07,0.999999799919952,2.0008004803363615E-07,0.999999799919952,2.0008004803363615E-07,0.999999799919952,2.0008004803363615E-07,0.999999799919952,2.0008004803363615E-07,0.999999799919952,2.0008004803363615E-07,0.999999799919952,2.0008004803363615E-07,0.999999799919952,2.0008004803363615E-07,0.999999799919952,2.0008004803363615E-07,0.999999799919952,2.0008004803363615E-07,0.999999799919952,2.0008004803363615E-07,0.999999799919952,2.0008004803363615E-07,0.999999799919952,2.0008004803363615E-07,0.999999799919952,2.0008004803363615E-07,0.999999799919952,2.0008004803363615E-07,0.999999799919952,2.0008004803363615E-07,0.999999799919952,2.0008004803363615E-07,0.999999799919952,2.0008004803363615E-07,0.999999799919952,2.0008004803363615E-07,0.999999799919952,2.0008004803363615E-07,0.999999799919952,2.0008004803363615E-07,0.999999799919952,2.0008004803363615E-07,0.999999799919952,2.0008004803363615E-07,0.999999799919952,2.0008004803363615E-07,0.999999799919952,2.0008004803363615E-07,0.999999799919952,2.0008004803363615E-07,0.999999799919952,2.0008004803363615E-07,0.999999799919952,2.0008004803363615E-07,0.999999799919952,2.0008004803363615E-07,0.999999799919952,2.0008004803363615E-07,0.999999799919952,2.0008004803363615E-07,0.999999799919952,2.0008004803363615E-07,0.999999799919952,2.0008004803363615E-07,0.999999799919952,2.0008004803363615E-07,0.999999799919952,2.0008004803363615E-07,0.999999799919952,2.0008004803363615E-07,0.999999799919952,2.0008004803363615E-07,0.999999799919952,2.0008004803363615E-07,0.999999799919952,2.0008004803363615E-07,0.999999799919952,2.0008004803363615E-07,0.999999799919952,2.0008004803363615E-07,0.999999799919952,2.0008004803363615E-07,0.999999799919952,2.0008004803363615E-07,0.999999799919952,2.0008004803363615E-07,0.999999799919952,2.0008004803363615E-07,0.999999799919952,2.0008004803363615E-07,0.999999799919952,2.0008004803363615E-07,0.999999799919952,2.0008004803363615E-07,0.999999799919952,2.0008004803363615E-07,0.999999799919952,2.0008004803363615E-07,0.999999799919952,2.0008004803363615E-07,0.999999799919952,0.999999799919952,2.0008004803363615E-07,0.9999985994396638,2.0008004803363615E-07,2.0008004803363615E-07,2.0008004803363615E-07,2.0008004803363615E-07,2.0008004803363615E-07,2.0008004803363615E-07,2.0008004803363615E-07,2.0008004803363615E-07,0.999999799919952,2.0008004803363615E-07,0.999999799919952,2.0008004803363615E-07,0.999999799919952,2.0008004803363615E-07,0.999999799919952,2.0008004803363615E-07,0.999999799919952,2.0008004803363615E-07,0.999999799919952,2.0008004803363615E-07,0.999999799919952,2.0008004803363615E-07,0.999999799919952,2.0008004803363615E-07,0.999999799919952,2.0008004803363615E-07,0.999999799919952,2.0008004803363615E-07,0.999999799919952,2.0008004803363615E-07,0.999999799919952,2.0008004803363615E-07,0.999999799919952,2.0008004803363615E-07,0.999999799919952,2.0008004803363615E-07,0.999999799919952,2.0008004803363615E-07,0.999999799919952,2.0008004803363615E-07,0.999999799919952,2.0008004803363615E-07,0.999999799919952,2.0008004803363615E-07,0.999999799919952,2.0008004803363615E-07,0.999999799919952,2.0008004803363615E-07,0.999999799919952,2.0008004803363615E-07,0.999999799919952,2.0008004803363615E-07,0.999999799919952,2.0008004803363615E-07,0.999999799919952,2.0008004803363615E-07,0.999999799919952,2.0008004803363615E-07,0.999999799919952,2.0008004803363615E-07,0.999999799919952,2.0008004803363615E-07,0.999999799919952,0.999999799919952,2.0008004803363615E-07,0.9999985994396638,2.0008004803363615E-07,2.0008004803363615E-07,2.0008004803363615E-07,2.0008004803363615E-07,2.0008004803363615E-07,2.0008004803363615E-07,2.0008004803363615E-07,2.0008004803363615E-07,0.999999799919952,2.0008004803363615E-07,0.999999799919952,2.0008004803363615E-07,0.999999799919952,2.0008004803363615E-07,0.999999799919952,2.0008004803363615E-07,0.999999799919952,2.0008004803363615E-07,0.999999799919952,2.0008004803363615E-07,0.999999799919952,2.0008004803363615E-07,0.999999799919952,2.0008004803363615E-07,0.999999799919952,2.0008004803363615E-07,0.999999799919952,2.0008004803363615E-07,0.999999799919952,2.0008004803363615E-07,0.999999799919952,2.0008004803363615E-07,0.999999799919952,2.0008004803363615E-07,0.999999799919952,2.0008004803363615E-07,0.999999799919952,2.0008004803363615E-07,0.999999799919952,2.0008004803363615E-07,0.999999799919952,2.0008004803363615E-07,0.999999799919952,2.0008004803363615E-07,0.999999799919952,2.0008004803363615E-07,0.999999799919952,2.0008004803363615E-07,0.999999799919952,2.0008004803363615E-07,0.999999799919952,2.0008004803363615E-07,0.999999799919952,2.0008004803363615E-07,0.999999799919952,2.0008004803363615E-07,0.999999799919952,2.0008004803363615E-07,0.999999799919952,2.0008004803363615E-07,0.999999799919952,2.0008004803363615E-07,0.999999799919952,0.999999799919952,2.0008004803363615E-07,0.9999985994396638,2.0008004803363615E-07,2.0008004803363615E-07,2.0008004803363615E-07,2.0008004803363615E-07,2.0008004803363615E-07,2.0008004803363615E-07,2.0008004803363615E-07,2.0008004803363615E-07,0.999999799919952,2.0008004803363615E-07,0.999999799919952,2.0008004803363615E-07,0.999999799919952,2.0008004803363615E-07,0.999999799919952,2.0008004803363615E-07,0.999999799919952,2.0008004803363615E-07,0.999999799919952,2.0008004803363615E-07,0.999999799919952,2.0008004803363615E-07,0.999999799919952,2.0008004803363615E-07,0.999999799919952,2.0008004803363615E-07,0.999999799919952,2.0008004803363615E-07,0.999999799919952,2.0008004803363615E-07,0.999999799919952,2.0008004803363615E-07,0.999999799919952,2.0008004803363615E-07,0.999999799919952,2.0008004803363615E-07,0.999999799919952,2.0008004803363615E-07,0.999999799919952,2.0008004803363615E-07,0.999999799919952,2.0008004803363615E-07,0.999999799919952,2.0008004803363615E-07,0.999999799919952,2.0008004803363615E-07,0.999999799919952,2.0008004803363615E-07,0.999999799919952,2.0008004803363615E-07,0.999999799919952,2.0008004803363615E-07,0.999999799919952,2.0008004803363615E-07,0.999999799919952,2.0008004803363615E-07,0.999999799919952,2.0008004803363615E-07,0.999999799919952,2.0008004803363615E-07,0.999999799919952,2.0008004803363615E-07,0.999999799919952,0.999999799919952,2.0008004803363615E-07,0.9999985994396638,2.0008004803363615E-07,2.0008004803363615E-07,2.0008004803363615E-07,2.0008004803363615E-07,2.0008004803363615E-07,2.0008004803363615E-07,2.0008004803363615E-07,2.0008004803363615E-07,0.999999799919952,2.0008004803363615E-07,0.999999799919952,2.0008004803363615E-07,0.999999799919952,2.0008004803363615E-07,0.999999799919952,2.0008004803363615E-07,0.999999799919952,2.0008004803363615E-07,0.999999799919952,2.0008004803363615E-07,0.999999799919952,2.0008004803363615E-07,0.999999799919952,2.0008004803363615E-07,0.999999799919952,2.0008004803363615E-07,0.999999799919952,2.0008004803363615E-07,0.999999799919952,2.0008004803363615E-07,0.999999799919952,2.0008004803363615E-07,0.999999799919952,2.0008004803363615E-07,0.999999799919952,2.0008004803363615E-07,0.999999799919952,2.0008004803363615E-07,0.999999799919952,2.0008004803363615E-07,0.999999799919952,2.0008004803363615E-07,0.999999799919952,2.0008004803363615E-07,0.999999799919952,2.0008004803363615E-07,0.999999799919952,2.0008004803363615E-07,0.999999799919952,2.0008004803363615E-07,0.999999799919952,2.0008004803363615E-07,0.999999799919952,2.0008004803363615E-07,0.999999799919952,2.0008004803363615E-07,0.999999799919952,2.0008004803363615E-07,0.999999799919952,2.0008004803363615E-07,0.999999799919952,2.0008004803363615E-07,0.999999799919952,0.999999799919952,2.0008004803363615E-07,0.9999985994396638,2.0008004803363615E-07,2.0008004803363615E-07,2.0008004803363615E-07,2.0008004803363615E-07,2.0008004803363615E-07,2.0008004803363615E-07,2.0008004803363615E-07,2.0008004803363615E-07,0.999999799919952,2.0008004803363615E-07,0.999999799919952,2.0008004803363615E-07,0.999999799919952,2.0008004803363615E-07,0.999999799919952,2.0008004803363615E-07,0.999999799919952,2.0008004803363615E-07,0.999999799919952,2.0008004803363615E-07,0.999999799919952,2.0008004803363615E-07,0.999999799919952,2.0008004803363615E-07,0.999999799919952,2.0008004803363615E-07,0.999999799919952,2.0008004803363615E-07,0.999999799919952,2.0008004803363615E-07,0.999999799919952,2.0008004803363615E-07,0.999999799919952,2.0008004803363615E-07,0.999999799919952,2.0008004803363615E-07,0.999999799919952,2.0008004803363615E-07,0.999999799919952,2.0008004803363615E-07,0.999999799919952,2.0008004803363615E-07,0.999999799919952,2.0008004803363615E-07,0.999999799919952,2.0008004803363615E-07,0.999999799919952,2.0008004803363615E-07,0.999999799919952,2.0008004803363615E-07,0.999999799919952,2.0008004803363615E-07,0.999999799919952,2.0008004803363615E-07,0.999999799919952,2.0008004803363615E-07,0.999999799919952,2.0008004803363615E-07,0.999999799919952,2.0008004803363615E-07,0.999999799919952,2.0008004803363615E-07,0.999999799919952,0.999999799919952,2.0008004803363615E-07,0.9999985994396638,2.0008004803363615E-07,2.0008004803363615E-07,2.0008004803363615E-07,2.0008004803363615E-07,2.0008004803363615E-07,2.0008004803363615E-07,2.0008004803363615E-07,2.0008004803363615E-07,0.999999799919952,2.0008004803363615E-07,0.999999799919952,2.0008004803363615E-07,0.999999799919952,2.0008004803363615E-07,0.999999799919952,2.0008004803363615E-07,0.999999799919952,2.0008004803363615E-07,0.999999799919952,2.0008004803363615E-07,0.999999799919952,2.0008004803363615E-07,0.999999799919952,2.0008004803363615E-07,0.999999799919952,2.0008004803363615E-07,0.999999799919952,2.0008004803363615E-07,0.999999799919952,2.0008004803363615E-07,0.999999799919952,2.0008004803363615E-07,0.999999799919952,2.0008004803363615E-07,0.999999799919952,2.0008004803363615E-07,0.999999799919952,2.0008004803363615E-07,0.999999799919952,2.0008004803363615E-07,0.999999799919952,2.0008004803363615E-07,0.999999799919952,2.0008004803363615E-07,0.999999799919952,2.0008004803363615E-07,0.999999799919952,2.0008004803363615E-07,0.999999799919952,2.0008004803363615E-07,0.999999799919952,2.0008004803363615E-07,0.999999799919952,2.0008004803363615E-07,0.999999799919952,2.0008004803363615E-07,0.999999799919952,2.0008004803363615E-07,0.999999799919952,2.0008004803363615E-07,0.999999799919952,2.0008004803363615E-07,0.999999799919952,0.999999799919952,2.0008004803363615E-07,0.9999985994396638,2.0008004803363615E-07,2.0008004803363615E-07,2.0008004803363615E-07,2.0008004803363615E-07,2.0008004803363615E-07,2.0008004803363615E-07,2.0008004803363615E-07,2.0008004803363615E-07,0.999999799919952,2.0008004803363615E-07,0.999999799919952,2.0008004803363615E-07,0.999999799919952,2.0008004803363615E-07,0.999999799919952,2.0008004803363615E-07,0.999999799919952,2.0008004803363615E-07,0.999999799919952,2.0008004803363615E-07,0.999999799919952,2.0008004803363615E-07,0.999999799919952,2.0008004803363615E-07,0.999999799919952,2.0008004803363615E-07,0.999999799919952,2.0008004803363615E-07,0.999999799919952,2.0008004803363615E-07,0.999999799919952,2.0008004803363615E-07,0.999999799919952,2.0008004803363615E-07,0.999999799919952,2.0008004803363615E-07,0.999999799919952,2.0008004803363615E-07,0.999999799919952,2.0008004803363615E-07,0.999999799919952,2.0008004803363615E-07,0.999999799919952,2.0008004803363615E-07,0.999999799919952,2.0008004803363615E-07,0.999999799919952,2.0008004803363615E-07,0.999999799919952,2.0008004803363615E-07,0.999999799919952,2.0008004803363615E-07,0.999999799919952,2.0008004803363615E-07,0.999999799919952,2.0008004803363615E-07,0.999999799919952,2.0008004803363615E-07,0.999999799919952,2.0008004803363615E-07,0.999999799919952,2.0008004803363615E-07,0.999999799919952,0.999999799919952,2.0008004803363615E-07,0.999999799919952,2.0008004803363615E-07,0.9999985994396638,2.0008004803363615E-07,2.0008004803363615E-07,2.0008004803363615E-07,2.0008004803363615E-07,2.0008004803363615E-07,2.0008004803363615E-07,2.0008004803363615E-07,0.9999985994396638,2.0008004803363615E-07,2.0008004803363615E-07,2.0008004803363615E-07,2.0008004803363615E-07,2.0008004803363615E-07,2.0008004803363615E-07,2.0008004803363615E-07,0.999999799919952,2.0008004803363615E-07,2.0008004803363615E-07,0.999999799919952,0.999999799919952,2.0008004803363615E-07,2.0008004803363615E-07,0.999999799919952,0.999999799919952,2.0008004803363615E-07,2.0008004803363615E-07,0.999999799919952,0.999999799919952,2.0008004803363615E-07,2.0008004803363615E-07,0.999999799919952,0.999999799919952,2.0008004803363615E-07,2.0008004803363615E-07,0.999999799919952,0.999999799919952,2.0008004803363615E-07,2.0008004803363615E-07,0.999999799919952,0.999999799919952,2.0008004803363615E-07,2.0008004803363615E-07,0.999999799919952,0.999999799919952,2.0008004803363615E-07,2.0008004803363615E-07,0.999999799919952,0.999999799919952,2.0008004803363615E-07,2.0008004803363615E-07,0.999999799919952,0.999999799919952,2.0008004803363615E-07,2.0008004803363615E-07,0.999999799919952,0.999999799919952,2.0008004803363615E-07,2.0008004803363615E-07,0.999999799919952,0.999999799919952,2.0008004803363615E-07,2.0008004803363615E-07,0.999999799919952,0.999999799919952,2.0008004803363615E-07,2.0008004803363615E-07,0.999999799919952,0.999999799919952,2.0008004803363615E-07,2.0008004803363615E-07,0.999999799919952,0.999999799919952,2.0008004803363615E-07,2.0008004803363615E-07,0.999999799919952,0.999999799919952,2.0008004803363615E-07,2.0008004803363615E-07,0.999999799919952,0.999999799919952,2.0008004803363615E-07,2.0008004803363615E-07,0.999999799919952,0.999999799919952,2.0008004803363615E-07,2.0008004803363615E-07,0.999999799919952,0.999999799919952,2.0008004803363615E-07,2.0008004803363615E-07,0.999999799919952,0.999999799919952,2.0008004803363615E-07,2.0008004803363615E-07,0.999999799919952,0.999999799919952,2.0008004803363615E-07,2.0008004803363615E-07,0.999999799919952,0.999999799919952,2.0008004803363615E-07,2.0008004803363615E-07,0.999999799919952,0.999999799919952,2.0008004803363615E-07,2.0008004803363615E-07,0.999999799919952,0.999999799919952,2.0008004803363615E-07,2.0008004803363615E-07,0.999999799919952,0.999999799919952,2.0008004803363615E-07,2.0008004803363615E-07,0.999999799919952,0.999999799919952,2.0008004803363615E-07,2.0008004803363615E-07,0.999999799919952,0.999999799919952,2.0008004803363615E-07,2.0008004803363615E-07,0.999999799919952,0.999999799919952,2.0008004803363615E-07,2.0008004803363615E-07,0.999999799919952,0.999999799919952,2.0008004803363615E-07,0.9999985994396638,2.0008004803363615E-07,2.0008004803363615E-07,2.0008004803363615E-07,2.0008004803363615E-07,2.0008004803363615E-07,2.0008004803363615E-07,2.0008004803363615E-07,0.999999799919952,2.0008004803363615E-07,0.999999799919952,2.0008004803363615E-07,0.999999799919952,2.0008004803363615E-07,0.999999799919952,2.0008004803363615E-07,0.999999799919952,2.0008004803363615E-07,0.999999799919952,2.0008004803363615E-07,0.999999799919952,2.0008004803363615E-07,0.999999799919952,2.0008004803363615E-07,0.999999799919952,2.0008004803363615E-07,0.999999799919952,2.0008004803363615E-07,0.999999799919952,2.0008004803363615E-07,0.999999799919952,2.0008004803363615E-07,0.999999799919952,2.0008004803363615E-07,0.999999799919952,2.0008004803363615E-07,0.999999799919952,2.0008004803363615E-07,0.999999799919952,2.0008004803363615E-07,0.999999799919952,2.0008004803363615E-07,0.999999799919952,2.0008004803363615E-07,0.999999799919952,2.0008004803363615E-07,0.999999799919952,2.0008004803363615E-07,0.999999799919952,2.0008004803363615E-07,0.999999799919952,2.0008004803363615E-07,0.999999799919952,2.0008004803363615E-07,0.999999799919952,2.0008004803363615E-07,0.999999799919952,2.0008004803363615E-07,0.999999799919952,2.0008004803363615E-07,0.999999799919952,2.0008004803363615E-07,0.999999799919952,2.0008004803363615E-07,0.999999799919952,2.0008004803363615E-07,0.9999985994396638,2.0008004803363615E-07,2.0008004803363615E-07,2.0008004803363615E-07,2.0008004803363615E-07,2.0008004803363615E-07,2.0008004803363615E-07,2.0008004803363615E-07,0.999999799919952,2.0008004803363615E-07,0.999999799919952,2.0008004803363615E-07,0.999999799919952,2.0008004803363615E-07,0.999999799919952,2.0008004803363615E-07,0.999999799919952,2.0008004803363615E-07,0.999999799919952,2.0008004803363615E-07,0.999999799919952,2.0008004803363615E-07,0.999999799919952,2.0008004803363615E-07,0.999999799919952,2.0008004803363615E-07,0.999999799919952,2.0008004803363615E-07,0.999999799919952,2.0008004803363615E-07,0.999999799919952,2.0008004803363615E-07,0.999999799919952,2.0008004803363615E-07,0.999999799919952,2.0008004803363615E-07,0.999999799919952,2.0008004803363615E-07,0.999999799919952,2.0008004803363615E-07,0.999999799919952,2.0008004803363615E-07,0.999999799919952,2.0008004803363615E-07,0.999999799919952,2.0008004803363615E-07,0.999999799919952,2.0008004803363615E-07,0.999999799919952,2.0008004803363615E-07,0.999999799919952,2.0008004803363615E-07,0.999999799919952,2.0008004803363615E-07,0.999999799919952,2.0008004803363615E-07,0.999999799919952,2.0008004803363615E-07,0.999999799919952,2.0008004803363615E-07,0.999999799919952,2.0008004803363615E-07,0.999999799919952,2.0008004803363615E-07,0.999999799919952,2.0008004803363615E-07,0.9999985994396638,2.0008004803363615E-07,2.0008004803363615E-07,2.0008004803363615E-07,2.0008004803363615E-07,2.0008004803363615E-07,2.0008004803363615E-07,2.0008004803363615E-07,0.999999799919952,2.0008004803363615E-07,0.999999799919952,2.0008004803363615E-07,0.999999799919952,2.0008004803363615E-07,0.999999799919952,2.0008004803363615E-07,0.999999799919952,2.0008004803363615E-07,0.999999799919952,2.0008004803363615E-07,0.999999799919952,2.0008004803363615E-07,0.999999799919952,2.0008004803363615E-07,0.999999799919952,2.0008004803363615E-07,0.999999799919952,2.0008004803363615E-07,0.999999799919952,2.0008004803363615E-07,0.999999799919952,2.0008004803363615E-07,0.999999799919952,2.0008004803363615E-07,0.999999799919952,2.0008004803363615E-07,0.999999799919952,2.0008004803363615E-07,0.999999799919952,2.0008004803363615E-07,0.999999799919952,2.0008004803363615E-07,0.999999799919952,2.0008004803363615E-07,0.999999799919952,2.0008004803363615E-07,0.999999799919952,2.0008004803363615E-07,0.999999799919952,2.0008004803363615E-07,0.999999799919952,2.0008004803363615E-07,0.999999799919952,2.0008004803363615E-07,0.999999799919952,2.0008004803363615E-07,0.999999799919952,2.0008004803363615E-07,0.999999799919952,2.0008004803363615E-07,0.999999799919952,2.0008004803363615E-07,0.999999799919952,2.0008004803363615E-07,0.999999799919952,2.0008004803363615E-07,0.9999985994396638,2.0008004803363615E-07,2.0008004803363615E-07,2.0008004803363615E-07,2.0008004803363615E-07,2.0008004803363615E-07,2.0008004803363615E-07,2.0008004803363615E-07,0.999999799919952,2.0008004803363615E-07,0.999999799919952,2.0008004803363615E-07,0.999999799919952,2.0008004803363615E-07,0.999999799919952,2.0008004803363615E-07,0.999999799919952,2.0008004803363615E-07,0.999999799919952,2.0008004803363615E-07,0.999999799919952,2.0008004803363615E-07,0.999999799919952,2.0008004803363615E-07,0.999999799919952,2.0008004803363615E-07,0.999999799919952,2.0008004803363615E-07,0.999999799919952,2.0008004803363615E-07,0.999999799919952,2.0008004803363615E-07,0.999999799919952,2.0008004803363615E-07,0.999999799919952,2.0008004803363615E-07,0.999999799919952,2.0008004803363615E-07,0.999999799919952,2.0008004803363615E-07,0.999999799919952,2.0008004803363615E-07,0.999999799919952,2.0008004803363615E-07,0.999999799919952,2.0008004803363615E-07,0.999999799919952,2.0008004803363615E-07,0.999999799919952,2.0008004803363615E-07,0.999999799919952,2.0008004803363615E-07,0.999999799919952,2.0008004803363615E-07,0.999999799919952,2.0008004803363615E-07,0.999999799919952,2.0008004803363615E-07,0.999999799919952,2.0008004803363615E-07,0.999999799919952,2.0008004803363615E-07,0.999999799919952,2.0008004803363615E-07,0.999999799919952,2.0008004803363615E-07,0.9999985994396638,2.0008004803363615E-07,2.0008004803363615E-07,2.0008004803363615E-07,2.0008004803363615E-07,2.0008004803363615E-07,2.0008004803363615E-07,2.0008004803363615E-07,0.999999799919952,2.0008004803363615E-07,0.999999799919952,2.0008004803363615E-07,0.999999799919952,2.0008004803363615E-07,0.999999799919952,2.0008004803363615E-07,0.999999799919952,2.0008004803363615E-07,0.999999799919952,2.0008004803363615E-07,0.999999799919952,2.0008004803363615E-07,0.999999799919952,2.0008004803363615E-07,0.999999799919952,2.0008004803363615E-07,0.999999799919952,2.0008004803363615E-07,0.999999799919952,2.0008004803363615E-07,0.999999799919952,2.0008004803363615E-07,0.999999799919952,2.0008004803363615E-07,0.999999799919952,2.0008004803363615E-07,0.999999799919952,2.0008004803363615E-07,0.999999799919952,2.0008004803363615E-07,0.999999799919952,2.0008004803363615E-07,0.999999799919952,2.0008004803363615E-07,0.999999799919952,2.0008004803363615E-07,0.999999799919952,2.0008004803363615E-07,0.999999799919952,2.0008004803363615E-07,0.999999799919952,2.0008004803363615E-07,0.999999799919952,2.0008004803363615E-07,0.999999799919952,2.0008004803363615E-07,0.999999799919952,2.0008004803363615E-07,0.999999799919952,2.0008004803363615E-07,0.999999799919952,2.0008004803363615E-07,0.999999799919952,2.0008004803363615E-07,0.999999799919952,2.0008004803363615E-07,0.9999985994396638,2.0008004803363615E-07,2.0008004803363615E-07,2.0008004803363615E-07,2.0008004803363615E-07,2.0008004803363615E-07,2.0008004803363615E-07,2.0008004803363615E-07,0.999999799919952,2.0008004803363615E-07,0.999999799919952,2.0008004803363615E-07,0.999999799919952,2.0008004803363615E-07,0.999999799919952,2.0008004803363615E-07,0.999999799919952,2.0008004803363615E-07,0.999999799919952,2.0008004803363615E-07,0.999999799919952,2.0008004803363615E-07,0.999999799919952,2.0008004803363615E-07,0.999999799919952,2.0008004803363615E-07,0.999999799919952,2.0008004803363615E-07,0.999999799919952,2.0008004803363615E-07,0.999999799919952,2.0008004803363615E-07,0.999999799919952,2.0008004803363615E-07,0.999999799919952,2.0008004803363615E-07,0.999999799919952,2.0008004803363615E-07,0.999999799919952,2.0008004803363615E-07,0.999999799919952,2.0008004803363615E-07,0.999999799919952,2.0008004803363615E-07,0.999999799919952,2.0008004803363615E-07,0.999999799919952,2.0008004803363615E-07,0.999999799919952,2.0008004803363615E-07,0.999999799919952,2.0008004803363615E-07,0.999999799919952,2.0008004803363615E-07,0.999999799919952,2.0008004803363615E-07,0.999999799919952,2.0008004803363615E-07,0.999999799919952,2.0008004803363615E-07,0.999999799919952,2.0008004803363615E-07,0.999999799919952,2.0008004803363615E-07,0.999999799919952,2.0008004803363615E-07,0.9999985994396638,2.0008004803363615E-07,2.0008004803363615E-07,2.0008004803363615E-07,2.0008004803363615E-07,2.0008004803363615E-07,2.0008004803363615E-07,2.0008004803363615E-07,2.0008004803363615E-07,0.999999799919952,2.0008004803363615E-07,0.999999799919952,2.0008004803363615E-07,0.999999799919952,2.0008004803363615E-07,0.999999799919952,2.0008004803363615E-07,0.999999799919952,2.0008004803363615E-07,0.999999799919952,2.0008004803363615E-07,0.999999799919952,2.0008004803363615E-07,0.999999799919952,2.0008004803363615E-07,0.999999799919952,2.0008004803363615E-07,0.999999799919952,2.0008004803363615E-07,0.999999799919952,2.0008004803363615E-07,0.999999799919952,2.0008004803363615E-07,0.999999799919952,2.0008004803363615E-07,0.999999799919952,2.0008004803363615E-07,0.999999799919952,2.0008004803363615E-07,0.999999799919952,2.0008004803363615E-07,0.999999799919952,2.0008004803363615E-07,0.999999799919952,2.0008004803363615E-07,0.999999799919952,2.0008004803363615E-07,0.999999799919952,2.0008004803363615E-07,0.999999799919952,2.0008004803363615E-07,0.999999799919952,2.0008004803363615E-07,0.999999799919952,2.0008004803363615E-07,0.999999799919952,2.0008004803363615E-07,0.999999799919952,2.0008004803363615E-07,0.999999799919952,2.0008004803363615E-07,0.999999799919952,2.0008004803363615E-07,0.999999799919952,0.999999799919952,2.0008004803363615E-07,0.999999799919952,2.0008004803363615E-07,0.9999985994396638,2.0008004803363615E-07,2.0008004803363615E-07,2.0008004803363615E-07,2.0008004803363615E-07,2.0008004803363615E-07,2.0008004803363615E-07,2.0008004803363615E-07,0.9999985994396638,2.0008004803363615E-07,2.0008004803363615E-07,2.0008004803363615E-07,2.0008004803363615E-07,2.0008004803363615E-07,2.0008004803363615E-07,2.0008004803363615E-07,0.999999799919952,2.0008004803363615E-07,2.0008004803363615E-07,0.999999799919952,0.999999799919952,2.0008004803363615E-07,2.0008004803363615E-07,0.999999799919952,0.999999799919952,2.0008004803363615E-07,2.0008004803363615E-07,0.999999799919952,0.999999799919952,2.0008004803363615E-07,2.0008004803363615E-07,0.999999799919952,0.999999799919952,2.0008004803363615E-07,2.0008004803363615E-07,0.999999799919952,0.999999799919952,2.0008004803363615E-07,2.0008004803363615E-07,0.999999799919952,0.999999799919952,2.0008004803363615E-07,2.0008004803363615E-07,0.999999799919952,0.999999799919952,2.0008004803363615E-07,2.0008004803363615E-07,0.999999799919952,0.999999799919952,2.0008004803363615E-07,2.0008004803363615E-07,0.999999799919952,0.999999799919952,2.0008004803363615E-07,2.0008004803363615E-07,0.999999799919952,0.999999799919952,2.0008004803363615E-07,2.0008004803363615E-07,0.999999799919952,0.999999799919952,2.0008004803363615E-07,2.0008004803363615E-07,0.999999799919952,0.999999799919952,2.0008004803363615E-07,2.0008004803363615E-07,0.999999799919952,0.999999799919952,2.0008004803363615E-07,2.0008004803363615E-07,0.999999799919952,0.999999799919952,2.0008004803363615E-07,2.0008004803363615E-07,0.999999799919952,0.999999799919952,2.0008004803363615E-07,2.0008004803363615E-07,0.999999799919952,0.999999799919952,2.0008004803363615E-07,2.0008004803363615E-07,0.999999799919952,0.999999799919952,2.0008004803363615E-07,2.0008004803363615E-07,0.999999799919952,0.999999799919952,2.0008004803363615E-07,2.0008004803363615E-07,0.999999799919952,0.999999799919952,2.0008004803363615E-07,2.0008004803363615E-07,0.999999799919952,0.999999799919952,2.0008004803363615E-07,2.0008004803363615E-07,0.999999799919952,0.999999799919952,2.0008004803363615E-07,2.0008004803363615E-07,0.999999799919952,0.999999799919952,2.0008004803363615E-07,2.0008004803363615E-07,0.999999799919952,0.999999799919952,2.0008004803363615E-07,2.0008004803363615E-07,0.999999799919952,0.999999799919952,2.0008004803363615E-07,2.0008004803363615E-07,0.999999799919952,0.999999799919952,2.0008004803363615E-07,2.0008004803363615E-07,0.999999799919952,0.999999799919952,2.0008004803363615E-07,2.0008004803363615E-07,0.999999799919952,0.999999799919952,2.0008004803363615E-07,2.0008004803363615E-07,0.999999799919952,0.999999799919952,2.0008004803363615E-07,0.9999985994396638,2.0008004803363615E-07,2.0008004803363615E-07,2.0008004803363615E-07,2.0008004803363615E-07,2.0008004803363615E-07,2.0008004803363615E-07,2.0008004803363615E-07,0.999999799919952,2.0008004803363615E-07,0.999999799919952,2.0008004803363615E-07,0.999999799919952,2.0008004803363615E-07,0.999999799919952,2.0008004803363615E-07,0.999999799919952,2.0008004803363615E-07,0.999999799919952,2.0008004803363615E-07,0.999999799919952,2.0008004803363615E-07,0.999999799919952,2.0008004803363615E-07,0.999999799919952,2.0008004803363615E-07,0.999999799919952,2.0008004803363615E-07,0.999999799919952,2.0008004803363615E-07,0.999999799919952,2.0008004803363615E-07,0.999999799919952,2.0008004803363615E-07,0.999999799919952,2.0008004803363615E-07,0.999999799919952,2.0008004803363615E-07,0.999999799919952,2.0008004803363615E-07,0.999999799919952,2.0008004803363615E-07,0.999999799919952,2.0008004803363615E-07,0.999999799919952,2.0008004803363615E-07,0.999999799919952,2.0008004803363615E-07,0.999999799919952,2.0008004803363615E-07,0.999999799919952,2.0008004803363615E-07,0.999999799919952,2.0008004803363615E-07,0.999999799919952,2.0008004803363615E-07,0.999999799919952,2.0008004803363615E-07,0.999999799919952,2.0008004803363615E-07,0.999999799919952,2.0008004803363615E-07,0.999999799919952,2.0008004803363615E-07,0.999999799919952,2.0008004803363615E-07,0.9999985994396638,2.0008004803363615E-07,2.0008004803363615E-07,2.0008004803363615E-07,2.0008004803363615E-07,2.0008004803363615E-07,2.0008004803363615E-07,2.0008004803363615E-07,0.999999799919952,2.0008004803363615E-07,0.999999799919952,2.0008004803363615E-07,0.999999799919952,2.0008004803363615E-07,0.999999799919952,2.0008004803363615E-07,0.999999799919952,2.0008004803363615E-07,0.999999799919952,2.0008004803363615E-07,0.999999799919952,2.0008004803363615E-07,0.999999799919952,2.0008004803363615E-07,0.999999799919952,2.0008004803363615E-07,0.999999799919952,2.0008004803363615E-07,0.999999799919952,2.0008004803363615E-07,0.999999799919952,2.0008004803363615E-07,0.999999799919952,2.0008004803363615E-07,0.999999799919952,2.0008004803363615E-07,0.999999799919952,2.0008004803363615E-07,0.999999799919952,2.0008004803363615E-07,0.999999799919952,2.0008004803363615E-07,0.999999799919952,2.0008004803363615E-07,0.999999799919952,2.0008004803363615E-07,0.999999799919952,2.0008004803363615E-07,0.999999799919952,2.0008004803363615E-07,0.999999799919952,2.0008004803363615E-07,0.999999799919952,2.0008004803363615E-07,0.999999799919952,2.0008004803363615E-07,0.999999799919952,2.0008004803363615E-07,0.999999799919952,2.0008004803363615E-07,0.999999799919952,2.0008004803363615E-07,0.999999799919952,2.0008004803363615E-07,0.999999799919952,2.0008004803363615E-07,0.9999985994396638,2.0008004803363615E-07,2.0008004803363615E-07,2.0008004803363615E-07,2.0008004803363615E-07,2.0008004803363615E-07,2.0008004803363615E-07,2.0008004803363615E-07,0.999999799919952,2.0008004803363615E-07,0.999999799919952,2.0008004803363615E-07,0.999999799919952,2.0008004803363615E-07,0.999999799919952,2.0008004803363615E-07,0.999999799919952,2.0008004803363615E-07,0.999999799919952,2.0008004803363615E-07,0.999999799919952,2.0008004803363615E-07,0.999999799919952,2.0008004803363615E-07,0.999999799919952,2.0008004803363615E-07,0.999999799919952,2.0008004803363615E-07,0.999999799919952,2.0008004803363615E-07,0.999999799919952,2.0008004803363615E-07,0.999999799919952,2.0008004803363615E-07,0.999999799919952,2.0008004803363615E-07,0.999999799919952,2.0008004803363615E-07,0.999999799919952,2.0008004803363615E-07,0.999999799919952,2.0008004803363615E-07,0.999999799919952,2.0008004803363615E-07,0.999999799919952,2.0008004803363615E-07,0.999999799919952,2.0008004803363615E-07,0.999999799919952,2.0008004803363615E-07,0.999999799919952,2.0008004803363615E-07,0.999999799919952,2.0008004803363615E-07,0.999999799919952,2.0008004803363615E-07,0.999999799919952,2.0008004803363615E-07,0.999999799919952,2.0008004803363615E-07,0.999999799919952,2.0008004803363615E-07,0.999999799919952,2.0008004803363615E-07,0.999999799919952,2.0008004803363615E-07,0.9999985994396638,2.0008004803363615E-07,2.0008004803363615E-07,2.0008004803363615E-07,2.0008004803363615E-07,2.0008004803363615E-07,2.0008004803363615E-07,2.0008004803363615E-07,0.999999799919952,2.0008004803363615E-07,0.999999799919952,2.0008004803363615E-07,0.999999799919952,2.0008004803363615E-07,0.999999799919952,2.0008004803363615E-07,0.999999799919952,2.0008004803363615E-07,0.999999799919952,2.0008004803363615E-07,0.999999799919952,2.0008004803363615E-07,0.999999799919952,2.0008004803363615E-07,0.999999799919952,2.0008004803363615E-07,0.999999799919952,2.0008004803363615E-07,0.999999799919952,2.0008004803363615E-07,0.999999799919952,2.0008004803363615E-07,0.999999799919952,2.0008004803363615E-07,0.999999799919952,2.0008004803363615E-07,0.999999799919952,2.0008004803363615E-07,0.999999799919952,2.0008004803363615E-07,0.999999799919952,2.0008004803363615E-07,0.999999799919952,2.0008004803363615E-07,0.999999799919952,2.0008004803363615E-07,0.999999799919952,2.0008004803363615E-07,0.999999799919952,2.0008004803363615E-07,0.999999799919952,2.0008004803363615E-07,0.999999799919952,2.0008004803363615E-07,0.999999799919952,2.0008004803363615E-07,0.999999799919952,2.0008004803363615E-07,0.999999799919952,2.0008004803363615E-07,0.999999799919952,2.0008004803363615E-07,0.999999799919952,2.0008004803363615E-07,0.999999799919952,2.0008004803363615E-07,0.9999985994396638,2.0008004803363615E-07,2.0008004803363615E-07,2.0008004803363615E-07,2.0008004803363615E-07,2.0008004803363615E-07,2.0008004803363615E-07,2.0008004803363615E-07,0.999999799919952,2.0008004803363615E-07,0.999999799919952,2.0008004803363615E-07,0.999999799919952,2.0008004803363615E-07,0.999999799919952,2.0008004803363615E-07,0.999999799919952,2.0008004803363615E-07,0.999999799919952,2.0008004803363615E-07,0.999999799919952,2.0008004803363615E-07,0.999999799919952,2.0008004803363615E-07,0.999999799919952,2.0008004803363615E-07,0.999999799919952,2.0008004803363615E-07,0.999999799919952,2.0008004803363615E-07,0.999999799919952,2.0008004803363615E-07,0.999999799919952,2.0008004803363615E-07,0.999999799919952,2.0008004803363615E-07,0.999999799919952,2.0008004803363615E-07,0.999999799919952,2.0008004803363615E-07,0.999999799919952,2.0008004803363615E-07,0.999999799919952,2.0008004803363615E-07,0.999999799919952,2.0008004803363615E-07,0.999999799919952,2.0008004803363615E-07,0.999999799919952,2.0008004803363615E-07,0.999999799919952,2.0008004803363615E-07,0.999999799919952,2.0008004803363615E-07,0.999999799919952,2.0008004803363615E-07,0.999999799919952,2.0008004803363615E-07,0.999999799919952,2.0008004803363615E-07,0.999999799919952,2.0008004803363615E-07,0.999999799919952,2.0008004803363615E-07,0.999999799919952,2.0008004803363615E-07,0.9999985994396638,2.0008004803363615E-07,2.0008004803363615E-07,2.0008004803363615E-07,2.0008004803363615E-07,2.0008004803363615E-07,2.0008004803363615E-07,2.0008004803363615E-07,0.999999799919952,2.0008004803363615E-07,0.999999799919952,2.0008004803363615E-07,0.999999799919952,2.0008004803363615E-07,0.999999799919952,2.0008004803363615E-07,0.999999799919952,2.0008004803363615E-07,0.999999799919952,2.0008004803363615E-07,0.999999799919952,2.0008004803363615E-07,0.999999799919952,2.0008004803363615E-07,0.999999799919952,2.0008004803363615E-07,0.999999799919952,2.0008004803363615E-07,0.999999799919952,2.0008004803363615E-07,0.999999799919952,2.0008004803363615E-07,0.999999799919952,2.0008004803363615E-07,0.999999799919952,2.0008004803363615E-07,0.999999799919952,2.0008004803363615E-07,0.999999799919952,2.0008004803363615E-07,0.999999799919952,2.0008004803363615E-07,0.999999799919952,2.0008004803363615E-07,0.999999799919952,2.0008004803363615E-07,0.999999799919952,2.0008004803363615E-07,0.999999799919952,2.0008004803363615E-07,0.999999799919952,2.0008004803363615E-07,0.999999799919952,2.0008004803363615E-07,0.999999799919952,2.0008004803363615E-07,0.999999799919952,2.0008004803363615E-07,0.999999799919952,2.0008004803363615E-07,0.999999799919952,2.0008004803363615E-07,0.999999799919952,2.0008004803363615E-07,0.999999799919952,2.0008004803363615E-07,0.9999985994396638,2.0008004803363615E-07,2.0008004803363615E-07,2.0008004803363615E-07,2.0008004803363615E-07,2.0008004803363615E-07,2.0008004803363615E-07,2.0008004803363615E-07,0.999999799919952,2.0008004803363615E-07,0.999999799919952,2.0008004803363615E-07,0.999999799919952,2.0008004803363615E-07,0.999999799919952,2.0008004803363615E-07,0.999999799919952,2.0008004803363615E-07,0.999999799919952,2.0008004803363615E-07,0.999999799919952,2.0008004803363615E-07,0.999999799919952,2.0008004803363615E-07,0.999999799919952,2.0008004803363615E-07,0.999999799919952,2.0008004803363615E-07,0.999999799919952,2.0008004803363615E-07,0.999999799919952,2.0008004803363615E-07,0.999999799919952,2.0008004803363615E-07,0.999999799919952,2.0008004803363615E-07,0.999999799919952,2.0008004803363615E-07,0.999999799919952,2.0008004803363615E-07,0.999999799919952,2.0008004803363615E-07,0.999999799919952,2.0008004803363615E-07,0.999999799919952,2.0008004803363615E-07,0.999999799919952,2.0008004803363615E-07,0.999999799919952,2.0008004803363615E-07,0.999999799919952,2.0008004803363615E-07,0.999999799919952,2.0008004803363615E-07,0.999999799919952,2.0008004803363615E-07,0.999999799919952,2.0008004803363615E-07,0.999999799919952,2.0008004803363615E-07,0.999999799919952,2.0008004803363615E-07,0.999999799919952,2.0008004803363615E-07,0.999999799919952,2.0008004803363615E-07,2.0008004803363615E-07,2.0008004803363615E-07,2.0008004803363615E-07,0.9999985994396638,2.0008004803363615E-07,2.0008004803363615E-07,2.0008004803363615E-07,2.0008004803363615E-07,0.999999799919952,2.0008004803363615E-07,0.4855290887215134,0.5144697107981985,2.0008004803363615E-07,2.0008004803363615E-07,2.0008004803363615E-07,2.0008004803363615E-07,2.0008004803363615E-07,2.0008004803363615E-07,2.0008004803363615E-07,0.999999799919952,2.0008004803363615E-07,0.999999799919952,2.0008004803363615E-07,0.999999799919952,2.0008004803363615E-07,0.999999799919952,2.0008004803363615E-07,0.999999799919952,2.0008004803363615E-07,0.999999799919952,2.0008004803363615E-07,0.999999799919952,2.0008004803363615E-07,0.999999799919952,2.0008004803363615E-07,0.999999799919952,2.0008004803363615E-07,0.999999799919952,2.0008004803363615E-07,0.999999799919952,2.0008004803363615E-07,0.999999799919952,2.0008004803363615E-07,0.999999799919952,2.0008004803363615E-07,0.999999799919952,2.0008004803363615E-07,0.999999799919952,2.0008004803363615E-07,0.999999799919952,2.0008004803363615E-07,0.999999799919952,2.0008004803363615E-07,0.999999799919952,2.0008004803363615E-07,0.999999799919952,2.0008004803363615E-07,0.999999799919952,2.0008004803363615E-07,0.999999799919952,2.0008004803363615E-07,0.999999799919952,2.0008004803363615E-07,0.999999799919952,2.0008004803363615E-07,0.999999799919952,2.0008004803363615E-07,0.999999799919952,2.0008004803363615E-07,0.999999799919952,2.0008004803363615E-07,0.999999799919952,2.0008004803363615E-07,0.999999799919952,0.999999799919952,2.0008004803363615E-07,0.7306946543009364,0.2693041452187756,2.0008004803363615E-07,2.0008004803363615E-07,2.0008004803363615E-07,2.0008004803363615E-07,2.0008004803363615E-07,2.0008004803363615E-07,2.0008004803363615E-07,0.999999799919952,2.0008004803363615E-07,0.999999799919952,2.0008004803363615E-07,0.999999799919952,2.0008004803363615E-07,0.999999799919952,2.0008004803363615E-07,0.999999799919952,2.0008004803363615E-07,0.999999799919952,2.0008004803363615E-07,0.999999799919952,2.0008004803363615E-07,0.999999799919952,2.0008004803363615E-07,0.999999799919952,2.0008004803363615E-07,0.999999799919952,2.0008004803363615E-07,0.999999799919952,2.0008004803363615E-07,0.999999799919952,2.0008004803363615E-07,0.999999799919952,2.0008004803363615E-07,0.999999799919952,2.0008004803363615E-07,0.999999799919952,2.0008004803363615E-07,0.999999799919952,2.0008004803363615E-07,0.999999799919952,2.0008004803363615E-07,0.999999799919952,2.0008004803363615E-07,0.999999799919952,2.0008004803363615E-07,0.999999799919952,2.0008004803363615E-07,0.999999799919952,2.0008004803363615E-07,0.999999799919952,2.0008004803363615E-07,0.999999799919952,2.0008004803363615E-07,0.999999799919952,2.0008004803363615E-07,0.999999799919952,2.0008004803363615E-07,0.999999799919952,2.0008004803363615E-07,0.999999799919952,2.0008004803363615E-07,0.999999799919952,0.999999799919952,2.0008004803363615E-07,0.9999985994396638,2.0008004803363615E-07,2.0008004803363615E-07,2.0008004803363615E-07,2.0008004803363615E-07,2.0008004803363615E-07,2.0008004803363615E-07,2.0008004803363615E-07,2.0008004803363615E-07,0.999999799919952,2.0008004803363615E-07,0.999999799919952,2.0008004803363615E-07,0.999999799919952,2.0008004803363615E-07,0.999999799919952,2.0008004803363615E-07,0.999999799919952,2.0008004803363615E-07,0.999999799919952,2.0008004803363615E-07,0.999999799919952,2.0008004803363615E-07,0.999999799919952,2.0008004803363615E-07,0.999999799919952,2.0008004803363615E-07,0.999999799919952,2.0008004803363615E-07,0.999999799919952,2.0008004803363615E-07,0.999999799919952,2.0008004803363615E-07,0.999999799919952,2.0008004803363615E-07,0.999999799919952,2.0008004803363615E-07,0.999999799919952,2.0008004803363615E-07,0.999999799919952,2.0008004803363615E-07,0.999999799919952,2.0008004803363615E-07,0.999999799919952,2.0008004803363615E-07,0.999999799919952,2.0008004803363615E-07,0.999999799919952,2.0008004803363615E-07,0.999999799919952,2.0008004803363615E-07,0.999999799919952,2.0008004803363615E-07,0.999999799919952,2.0008004803363615E-07,0.999999799919952,2.0008004803363615E-07,0.999999799919952,2.0008004803363615E-07,0.999999799919952,2.0008004803363615E-07,0.999999799919952,2.0008004803363615E-07,0.999999799919952,0.999999799919952,2.0008004803363615E-07,0.9999985994396638,2.0008004803363615E-07,2.0008004803363615E-07,2.0008004803363615E-07,2.0008004803363615E-07,2.0008004803363615E-07,2.0008004803363615E-07,2.0008004803363615E-07,2.0008004803363615E-07,0.999999799919952,2.0008004803363615E-07,0.999999799919952,2.0008004803363615E-07,0.999999799919952,2.0008004803363615E-07,0.999999799919952,2.0008004803363615E-07,0.999999799919952,2.0008004803363615E-07,0.999999799919952,2.0008004803363615E-07,0.999999799919952,2.0008004803363615E-07,0.999999799919952,2.0008004803363615E-07,0.999999799919952,2.0008004803363615E-07,0.999999799919952,2.0008004803363615E-07,0.999999799919952,2.0008004803363615E-07,0.999999799919952,2.0008004803363615E-07,0.999999799919952,2.0008004803363615E-07,0.999999799919952,2.0008004803363615E-07,0.999999799919952,2.0008004803363615E-07,0.999999799919952,2.0008004803363615E-07,0.999999799919952,2.0008004803363615E-07,0.999999799919952,2.0008004803363615E-07,0.999999799919952,2.0008004803363615E-07,0.999999799919952,2.0008004803363615E-07,0.999999799919952,2.0008004803363615E-07,0.999999799919952,2.0008004803363615E-07,0.999999799919952,2.0008004803363615E-07,0.999999799919952,2.0008004803363615E-07,0.999999799919952,2.0008004803363615E-07,0.999999799919952,2.0008004803363615E-07,0.999999799919952,2.0008004803363615E-07,0.999999799919952,0.999999799919952,2.0008004803363615E-07,0.9999985994396638,2.0008004803363615E-07,2.0008004803363615E-07,2.0008004803363615E-07,2.0008004803363615E-07,2.0008004803363615E-07,2.0008004803363615E-07,2.0008004803363615E-07,2.0008004803363615E-07,0.999999799919952,2.0008004803363615E-07,0.999999799919952,2.0008004803363615E-07,0.999999799919952,2.0008004803363615E-07,0.999999799919952,2.0008004803363615E-07,0.999999799919952,2.0008004803363615E-07,0.999999799919952,2.0008004803363615E-07,0.999999799919952,2.0008004803363615E-07,0.999999799919952,2.0008004803363615E-07,0.999999799919952,2.0008004803363615E-07,0.999999799919952,2.0008004803363615E-07,0.999999799919952,2.0008004803363615E-07,0.999999799919952,2.0008004803363615E-07,0.999999799919952,2.0008004803363615E-07,0.999999799919952,2.0008004803363615E-07,0.999999799919952,2.0008004803363615E-07,0.999999799919952,2.0008004803363615E-07,0.999999799919952,2.0008004803363615E-07,0.999999799919952,2.0008004803363615E-07,0.999999799919952,2.0008004803363615E-07,0.999999799919952,2.0008004803363615E-07,0.999999799919952,2.0008004803363615E-07,0.999999799919952,2.0008004803363615E-07,0.999999799919952,2.0008004803363615E-07,0.999999799919952,2.0008004803363615E-07,0.999999799919952,2.0008004803363615E-07,0.999999799919952,2.0008004803363615E-07,0.999999799919952,2.0008004803363615E-07,0.999999799919952,0.999999799919952,2.0008004803363615E-07,0.9999985994396638,2.0008004803363615E-07,2.0008004803363615E-07,2.0008004803363615E-07,2.0008004803363615E-07,2.0008004803363615E-07,2.0008004803363615E-07,2.0008004803363615E-07,2.0008004803363615E-07,0.999999799919952,2.0008004803363615E-07,0.999999799919952,2.0008004803363615E-07,0.999999799919952,2.0008004803363615E-07,0.999999799919952,2.0008004803363615E-07,0.999999799919952,2.0008004803363615E-07,0.999999799919952,2.0008004803363615E-07,0.999999799919952,2.0008004803363615E-07,0.999999799919952,2.0008004803363615E-07,0.999999799919952,2.0008004803363615E-07,0.999999799919952,2.0008004803363615E-07,0.999999799919952,2.0008004803363615E-07,0.999999799919952,2.0008004803363615E-07,0.999999799919952,2.0008004803363615E-07,0.999999799919952,2.0008004803363615E-07,0.999999799919952,2.0008004803363615E-07,0.999999799919952,2.0008004803363615E-07,0.999999799919952,2.0008004803363615E-07,0.999999799919952,2.0008004803363615E-07,0.999999799919952,2.0008004803363615E-07,0.999999799919952,2.0008004803363615E-07,0.999999799919952,2.0008004803363615E-07,0.999999799919952,2.0008004803363615E-07,0.999999799919952,2.0008004803363615E-07,0.999999799919952,2.0008004803363615E-07,0.999999799919952,2.0008004803363615E-07,0.999999799919952,2.0008004803363615E-07,0.999999799919952,2.0008004803363615E-07,0.999999799919952,0.999999799919952,2.0008004803363615E-07,0.9999985994396638,2.0008004803363615E-07,2.0008004803363615E-07,2.0008004803363615E-07,2.0008004803363615E-07,2.0008004803363615E-07,2.0008004803363615E-07,2.0008004803363615E-07,2.0008004803363615E-07,0.999999799919952,2.0008004803363615E-07,0.999999799919952,2.0008004803363615E-07,0.999999799919952,2.0008004803363615E-07,0.999999799919952,2.0008004803363615E-07,0.999999799919952,2.0008004803363615E-07,0.999999799919952,2.0008004803363615E-07,0.999999799919952,2.0008004803363615E-07,0.999999799919952,2.0008004803363615E-07,0.999999799919952,2.0008004803363615E-07,0.999999799919952,2.0008004803363615E-07,0.999999799919952,2.0008004803363615E-07,0.999999799919952,2.0008004803363615E-07,0.999999799919952,2.0008004803363615E-07,0.999999799919952,2.0008004803363615E-07,0.999999799919952,2.0008004803363615E-07,0.999999799919952,2.0008004803363615E-07,0.999999799919952,2.0008004803363615E-07,0.999999799919952,2.0008004803363615E-07,0.999999799919952,2.0008004803363615E-07,0.999999799919952,2.0008004803363615E-07,0.999999799919952,2.0008004803363615E-07,0.999999799919952,2.0008004803363615E-07,0.999999799919952,2.0008004803363615E-07,0.999999799919952,2.0008004803363615E-07,0.999999799919952,2.0008004803363615E-07,0.999999799919952,2.0008004803363615E-07,0.999999799919952,2.0008004803363615E-07,0.999999799919952,0.999999799919952,2.0008004803363615E-07,0.9999985994396638,2.0008004803363615E-07,2.0008004803363615E-07,2.0008004803363615E-07,2.0008004803363615E-07,2.0008004803363615E-07,2.0008004803363615E-07,2.0008004803363615E-07,2.0008004803363615E-07,0.999999799919952,2.0008004803363615E-07,0.999999799919952,2.0008004803363615E-07,0.999999799919952,2.0008004803363615E-07,0.999999799919952,2.0008004803363615E-07,0.999999799919952,2.0008004803363615E-07,0.999999799919952,2.0008004803363615E-07,0.999999799919952,2.0008004803363615E-07,0.999999799919952,2.0008004803363615E-07,0.999999799919952,2.0008004803363615E-07,0.999999799919952,2.0008004803363615E-07,0.999999799919952,2.0008004803363615E-07,0.999999799919952,2.0008004803363615E-07,0.999999799919952,2.0008004803363615E-07,0.999999799919952,2.0008004803363615E-07,0.999999799919952,2.0008004803363615E-07,0.999999799919952,2.0008004803363615E-07,0.999999799919952,2.0008004803363615E-07,0.999999799919952,2.0008004803363615E-07,0.999999799919952,2.0008004803363615E-07,0.999999799919952,2.0008004803363615E-07,0.999999799919952,2.0008004803363615E-07,0.999999799919952,2.0008004803363615E-07,0.999999799919952,2.0008004803363615E-07,0.999999799919952,2.0008004803363615E-07,0.999999799919952,2.0008004803363615E-07,0.999999799919952,2.0008004803363615E-07,0.999999799919952,2.0008004803363615E-07,0.999999799919952,0.999999799919952,2.0008004803363615E-07,2.0008004803363615E-07,2.0008004803363615E-07,2.0008004803363615E-07,2.0008004803363615E-07,0.9999985994396638,2.0008004803363615E-07,2.0008004803363615E-07,2.0008004803363615E-07,0.999999799919952,2.0008004803363615E-07,0.4714734997084504,0.5285252998112613,2.0008004803363615E-07,2.0008004803363615E-07,2.0008004803363615E-07,2.0008004803363615E-07,2.0008004803363615E-07,2.0008004803363615E-07,2.0008004803363615E-07,0.999999799919952,2.0008004803363615E-07,0.999999799919952,2.0008004803363615E-07,0.999999799919952,2.0008004803363615E-07,0.999999799919952,2.0008004803363615E-07,0.999999799919952,2.0008004803363615E-07,0.999999799919952,2.0008004803363615E-07,0.999999799919952,2.0008004803363615E-07,0.999999799919952,2.0008004803363615E-07,0.999999799919952,2.0008004803363615E-07,0.999999799919952,2.0008004803363615E-07,0.999999799919952,2.0008004803363615E-07,0.999999799919952,2.0008004803363615E-07,0.999999799919952,2.0008004803363615E-07,0.999999799919952,2.0008004803363615E-07,0.999999799919952,2.0008004803363615E-07,0.999999799919952,2.0008004803363615E-07,0.999999799919952,2.0008004803363615E-07,0.999999799919952,2.0008004803363615E-07,0.999999799919952,2.0008004803363615E-07,0.999999799919952,2.0008004803363615E-07,0.999999799919952,2.0008004803363615E-07,0.999999799919952,2.0008004803363615E-07,0.999999799919952,2.0008004803363615E-07,0.999999799919952,2.0008004803363615E-07,0.999999799919952,2.0008004803363615E-07,0.999999799919952,2.0008004803363615E-07,0.999999799919952,2.0008004803363615E-07,0.999999799919952,0.999999799919952,2.0008004803363615E-07,0.4893411367936861,0.5106576627260258,2.0008004803363615E-07,2.0008004803363615E-07,2.0008004803363615E-07,2.0008004803363615E-07,2.0008004803363615E-07,2.0008004803363615E-07,2.0008004803363615E-07,0.999999799919952,2.0008004803363615E-07,0.999999799919952,2.0008004803363615E-07,0.999999799919952,2.0008004803363615E-07,0.999999799919952,2.0008004803363615E-07,0.999999799919952,2.0008004803363615E-07,0.999999799919952,2.0008004803363615E-07,0.999999799919952,2.0008004803363615E-07,0.999999799919952,2.0008004803363615E-07,0.999999799919952,2.0008004803363615E-07,0.999999799919952,2.0008004803363615E-07,0.999999799919952,2.0008004803363615E-07,0.999999799919952,2.0008004803363615E-07,0.999999799919952,2.0008004803363615E-07,0.999999799919952,2.0008004803363615E-07,0.999999799919952,2.0008004803363615E-07,0.999999799919952,2.0008004803363615E-07,0.999999799919952,2.0008004803363615E-07,0.999999799919952,2.0008004803363615E-07,0.999999799919952,2.0008004803363615E-07,0.999999799919952,2.0008004803363615E-07,0.999999799919952,2.0008004803363615E-07,0.999999799919952,2.0008004803363615E-07,0.999999799919952,2.0008004803363615E-07,0.999999799919952,2.0008004803363615E-07,0.999999799919952,2.0008004803363615E-07,0.999999799919952,2.0008004803363615E-07,0.999999799919952,2.0008004803363615E-07,0.999999799919952,0.999999799919952,2.0008004803363615E-07,0.9999985994396638,2.0008004803363615E-07,2.0008004803363615E-07,2.0008004803363615E-07,2.0008004803363615E-07,2.0008004803363615E-07,2.0008004803363615E-07,2.0008004803363615E-07,2.0008004803363615E-07,0.999999799919952,2.0008004803363615E-07,0.999999799919952,2.0008004803363615E-07,0.999999799919952,2.0008004803363615E-07,0.999999799919952,2.0008004803363615E-07,0.999999799919952,2.0008004803363615E-07,0.999999799919952,2.0008004803363615E-07,0.999999799919952,2.0008004803363615E-07,0.999999799919952,2.0008004803363615E-07,0.999999799919952,2.0008004803363615E-07,0.999999799919952,2.0008004803363615E-07,0.999999799919952,2.0008004803363615E-07,0.999999799919952,2.0008004803363615E-07,0.999999799919952,2.0008004803363615E-07,0.999999799919952,2.0008004803363615E-07,0.999999799919952,2.0008004803363615E-07,0.999999799919952,2.0008004803363615E-07,0.999999799919952,2.0008004803363615E-07,0.999999799919952,2.0008004803363615E-07,0.999999799919952,2.0008004803363615E-07,0.999999799919952,2.0008004803363615E-07,0.999999799919952,2.0008004803363615E-07,0.999999799919952,2.0008004803363615E-07,0.999999799919952,2.0008004803363615E-07,0.999999799919952,2.0008004803363615E-07,0.999999799919952,2.0008004803363615E-07,0.999999799919952,2.0008004803363615E-07,0.999999799919952,2.0008004803363615E-07,0.999999799919952,0.999999799919952,2.0008004803363615E-07,0.9999985994396638,2.0008004803363615E-07,2.0008004803363615E-07,2.0008004803363615E-07,2.0008004803363615E-07,2.0008004803363615E-07,2.0008004803363615E-07,2.0008004803363615E-07,2.0008004803363615E-07,0.999999799919952,2.0008004803363615E-07,0.999999799919952,2.0008004803363615E-07,0.999999799919952,2.0008004803363615E-07,0.999999799919952,2.0008004803363615E-07,0.999999799919952,2.0008004803363615E-07,0.999999799919952,2.0008004803363615E-07,0.999999799919952,2.0008004803363615E-07,0.999999799919952,2.0008004803363615E-07,0.999999799919952,2.0008004803363615E-07,0.999999799919952,2.0008004803363615E-07,0.999999799919952,2.0008004803363615E-07,0.999999799919952,2.0008004803363615E-07,0.999999799919952,2.0008004803363615E-07,0.999999799919952,2.0008004803363615E-07,0.999999799919952,2.0008004803363615E-07,0.999999799919952,2.0008004803363615E-07,0.999999799919952,2.0008004803363615E-07,0.999999799919952,2.0008004803363615E-07,0.999999799919952,2.0008004803363615E-07,0.999999799919952,2.0008004803363615E-07,0.999999799919952,2.0008004803363615E-07,0.999999799919952,2.0008004803363615E-07,0.999999799919952,2.0008004803363615E-07,0.999999799919952,2.0008004803363615E-07,0.999999799919952,2.0008004803363615E-07,0.999999799919952,2.0008004803363615E-07,0.999999799919952,2.0008004803363615E-07,0.999999799919952,0.999999799919952,2.0008004803363615E-07,0.9999985994396638,2.0008004803363615E-07,2.0008004803363615E-07,2.0008004803363615E-07,2.0008004803363615E-07,2.0008004803363615E-07,2.0008004803363615E-07,2.0008004803363615E-07,2.0008004803363615E-07,0.999999799919952,2.0008004803363615E-07,0.999999799919952,2.0008004803363615E-07,0.999999799919952,2.0008004803363615E-07,0.999999799919952,2.0008004803363615E-07,0.999999799919952,2.0008004803363615E-07,0.999999799919952,2.0008004803363615E-07,0.999999799919952,2.0008004803363615E-07,0.999999799919952,2.0008004803363615E-07,0.999999799919952,2.0008004803363615E-07,0.999999799919952,2.0008004803363615E-07,0.999999799919952,2.0008004803363615E-07,0.999999799919952,2.0008004803363615E-07,0.999999799919952,2.0008004803363615E-07,0.999999799919952,2.0008004803363615E-07,0.999999799919952,2.0008004803363615E-07,0.999999799919952,2.0008004803363615E-07,0.999999799919952,2.0008004803363615E-07,0.999999799919952,2.0008004803363615E-07,0.999999799919952,2.0008004803363615E-07,0.999999799919952,2.0008004803363615E-07,0.999999799919952,2.0008004803363615E-07,0.999999799919952,2.0008004803363615E-07,0.999999799919952,2.0008004803363615E-07,0.999999799919952,2.0008004803363615E-07,0.999999799919952,2.0008004803363615E-07,0.999999799919952,2.0008004803363615E-07,0.999999799919952,2.0008004803363615E-07,0.999999799919952,0.999999799919952,2.0008004803363615E-07,0.9999985994396638,2.0008004803363615E-07,2.0008004803363615E-07,2.0008004803363615E-07,2.0008004803363615E-07,2.0008004803363615E-07,2.0008004803363615E-07,2.0008004803363615E-07,2.0008004803363615E-07,0.999999799919952,2.0008004803363615E-07,0.999999799919952,2.0008004803363615E-07,0.999999799919952,2.0008004803363615E-07,0.999999799919952,2.0008004803363615E-07,0.999999799919952,2.0008004803363615E-07,0.999999799919952,2.0008004803363615E-07,0.999999799919952,2.0008004803363615E-07,0.999999799919952,2.0008004803363615E-07,0.999999799919952,2.0008004803363615E-07,0.999999799919952,2.0008004803363615E-07,0.999999799919952,2.0008004803363615E-07,0.999999799919952,2.0008004803363615E-07,0.999999799919952,2.0008004803363615E-07,0.999999799919952,2.0008004803363615E-07,0.999999799919952,2.0008004803363615E-07,0.999999799919952,2.0008004803363615E-07,0.999999799919952,2.0008004803363615E-07,0.999999799919952,2.0008004803363615E-07,0.999999799919952,2.0008004803363615E-07,0.999999799919952,2.0008004803363615E-07,0.999999799919952,2.0008004803363615E-07,0.999999799919952,2.0008004803363615E-07,0.999999799919952,2.0008004803363615E-07,0.999999799919952,2.0008004803363615E-07,0.999999799919952,2.0008004803363615E-07,0.999999799919952,2.0008004803363615E-07,0.999999799919952,2.0008004803363615E-07,0.999999799919952,0.999999799919952,2.0008004803363615E-07,0.9999985994396638,2.0008004803363615E-07,2.0008004803363615E-07,2.0008004803363615E-07,2.0008004803363615E-07,2.0008004803363615E-07,2.0008004803363615E-07,2.0008004803363615E-07,2.0008004803363615E-07,0.999999799919952,2.0008004803363615E-07,0.999999799919952,2.0008004803363615E-07,0.999999799919952,2.0008004803363615E-07,0.999999799919952,2.0008004803363615E-07,0.999999799919952,2.0008004803363615E-07,0.999999799919952,2.0008004803363615E-07,0.999999799919952,2.0008004803363615E-07,0.999999799919952,2.0008004803363615E-07,0.999999799919952,2.0008004803363615E-07,0.999999799919952,2.0008004803363615E-07,0.999999799919952,2.0008004803363615E-07,0.999999799919952,2.0008004803363615E-07,0.999999799919952,2.0008004803363615E-07,0.999999799919952,2.0008004803363615E-07,0.999999799919952,2.0008004803363615E-07,0.999999799919952,2.0008004803363615E-07,0.999999799919952,2.0008004803363615E-07,0.999999799919952,2.0008004803363615E-07,0.999999799919952,2.0008004803363615E-07,0.999999799919952,2.0008004803363615E-07,0.999999799919952,2.0008004803363615E-07,0.999999799919952,2.0008004803363615E-07,0.999999799919952,2.0008004803363615E-07,0.999999799919952,2.0008004803363615E-07,0.999999799919952,2.0008004803363615E-07,0.999999799919952,2.0008004803363615E-07,0.999999799919952,2.0008004803363615E-07,0.999999799919952,0.999999799919952,2.0008004803363615E-07,0.9999985994396638,2.0008004803363615E-07,2.0008004803363615E-07,2.0008004803363615E-07,2.0008004803363615E-07,2.0008004803363615E-07,2.0008004803363615E-07,2.0008004803363615E-07,2.0008004803363615E-07,0.999999799919952,2.0008004803363615E-07,0.999999799919952,2.0008004803363615E-07,0.999999799919952,2.0008004803363615E-07,0.999999799919952,2.0008004803363615E-07,0.999999799919952,2.0008004803363615E-07,0.999999799919952,2.0008004803363615E-07,0.999999799919952,2.0008004803363615E-07,0.999999799919952,2.0008004803363615E-07,0.999999799919952,2.0008004803363615E-07,0.999999799919952,2.0008004803363615E-07,0.999999799919952,2.0008004803363615E-07,0.999999799919952,2.0008004803363615E-07,0.999999799919952,2.0008004803363615E-07,0.999999799919952,2.0008004803363615E-07,0.999999799919952,2.0008004803363615E-07,0.999999799919952,2.0008004803363615E-07,0.999999799919952,2.0008004803363615E-07,0.999999799919952,2.0008004803363615E-07,0.999999799919952,2.0008004803363615E-07,0.999999799919952,2.0008004803363615E-07,0.999999799919952,2.0008004803363615E-07,0.999999799919952,2.0008004803363615E-07,0.999999799919952,2.0008004803363615E-07,0.999999799919952,2.0008004803363615E-07,0.999999799919952,2.0008004803363615E-07,0.999999799919952,2.0008004803363615E-07,0.999999799919952,2.0008004803363615E-07,0.999999799919952,0.999999799919952,2.0008004803363615E-07,2.0008004803363615E-07,2.0008004803363615E-07,2.0008004803363615E-07,2.0008004803363615E-07,0.9999985994396638,2.0008004803363615E-07,2.0008004803363615E-07,2.0008004803363615E-07,0.999999799919952,2.0008004803363615E-07,0.20136524564038633,0.31639691988708246,0.4822368340722911,2.0008004803363615E-07,2.0008004803363615E-07,2.0008004803363615E-07,2.0008004803363615E-07,2.0008004803363615E-07,2.0008004803363615E-07,0.999999799919952,2.0008004803363615E-07,0.999999799919952,2.0008004803363615E-07,0.999999799919952,2.0008004803363615E-07,0.999999799919952,2.0008004803363615E-07,0.999999799919952,2.0008004803363615E-07,0.999999799919952,2.0008004803363615E-07,0.999999799919952,2.0008004803363615E-07,0.999999799919952,2.0008004803363615E-07,0.999999799919952,2.0008004803363615E-07,0.999999799919952,2.0008004803363615E-07,0.999999799919952,2.0008004803363615E-07,0.999999799919952,2.0008004803363615E-07,0.999999799919952,2.0008004803363615E-07,0.999999799919952,2.0008004803363615E-07,0.999999799919952,2.0008004803363615E-07,0.999999799919952,2.0008004803363615E-07,0.999999799919952,2.0008004803363615E-07,0.999999799919952,2.0008004803363615E-07,0.999999799919952,2.0008004803363615E-07,0.999999799919952,2.0008004803363615E-07,0.999999799919952,2.0008004803363615E-07,0.999999799919952,2.0008004803363615E-07,0.999999799919952,2.0008004803363615E-07,0.999999799919952,2.0008004803363615E-07,0.999999799919952,2.0008004803363615E-07,0.999999799919952,2.0008004803363615E-07,0.999999799919952,2.0008004803363615E-07,0.999999799919952,0.999999799919952,2.0008004803363615E-07,0.22743034350217592,0.772568456017536,2.0008004803363615E-07,2.0008004803363615E-07,2.0008004803363615E-07,2.0008004803363615E-07,2.0008004803363615E-07,2.0008004803363615E-07,2.0008004803363615E-07,0.999999799919952,2.0008004803363615E-07,0.999999799919952,2.0008004803363615E-07,0.999999799919952,2.0008004803363615E-07,0.999999799919952,2.0008004803363615E-07,0.999999799919952,2.0008004803363615E-07,0.999999799919952,2.0008004803363615E-07,0.999999799919952,2.0008004803363615E-07,0.999999799919952,2.0008004803363615E-07,0.999999799919952,2.0008004803363615E-07,0.999999799919952,2.0008004803363615E-07,0.999999799919952,2.0008004803363615E-07,0.999999799919952,2.0008004803363615E-07,0.999999799919952,2.0008004803363615E-07,0.999999799919952,2.0008004803363615E-07,0.999999799919952,2.0008004803363615E-07,0.999999799919952,2.0008004803363615E-07,0.999999799919952,2.0008004803363615E-07,0.999999799919952,2.0008004803363615E-07,0.999999799919952,2.0008004803363615E-07,0.999999799919952,2.0008004803363615E-07,0.999999799919952,2.0008004803363615E-07,0.999999799919952,2.0008004803363615E-07,0.999999799919952,2.0008004803363615E-07,0.999999799919952,2.0008004803363615E-07,0.999999799919952,2.0008004803363615E-07,0.999999799919952,2.0008004803363615E-07,0.999999799919952,2.0008004803363615E-07,0.999999799919952,0.999999799919952,2.0008004803363615E-07,0.9999985994396638,2.0008004803363615E-07,2.0008004803363615E-07,2.0008004803363615E-07,2.0008004803363615E-07,2.0008004803363615E-07,2.0008004803363615E-07,2.0008004803363615E-07,2.0008004803363615E-07,0.999999799919952,2.0008004803363615E-07,0.999999799919952,2.0008004803363615E-07,0.999999799919952,2.0008004803363615E-07,0.999999799919952,2.0008004803363615E-07,0.999999799919952,2.0008004803363615E-07,0.999999799919952,2.0008004803363615E-07,0.999999799919952,2.0008004803363615E-07,0.999999799919952,2.0008004803363615E-07,0.999999799919952,2.0008004803363615E-07,0.999999799919952,2.0008004803363615E-07,0.999999799919952,2.0008004803363615E-07,0.999999799919952,2.0008004803363615E-07,0.999999799919952,2.0008004803363615E-07,0.999999799919952,2.0008004803363615E-07,0.999999799919952,2.0008004803363615E-07,0.999999799919952,2.0008004803363615E-07,0.999999799919952,2.0008004803363615E-07,0.999999799919952,2.0008004803363615E-07,0.999999799919952,2.0008004803363615E-07,0.999999799919952,2.0008004803363615E-07,0.999999799919952,2.0008004803363615E-07,0.999999799919952,2.0008004803363615E-07,0.999999799919952,2.0008004803363615E-07,0.999999799919952,2.0008004803363615E-07,0.999999799919952,2.0008004803363615E-07,0.999999799919952,2.0008004803363615E-07,0.999999799919952,2.0008004803363615E-07,0.999999799919952,0.999999799919952,2.0008004803363615E-07,0.9999985994396638,2.0008004803363615E-07,2.0008004803363615E-07,2.0008004803363615E-07,2.0008004803363615E-07,2.0008004803363615E-07,2.0008004803363615E-07,2.0008004803363615E-07,2.0008004803363615E-07,0.999999799919952,2.0008004803363615E-07,0.999999799919952,2.0008004803363615E-07,0.999999799919952,2.0008004803363615E-07,0.999999799919952,2.0008004803363615E-07,0.999999799919952,2.0008004803363615E-07,0.999999799919952,2.0008004803363615E-07,0.999999799919952,2.0008004803363615E-07,0.999999799919952,2.0008004803363615E-07,0.999999799919952,2.0008004803363615E-07,0.999999799919952,2.0008004803363615E-07,0.999999799919952,2.0008004803363615E-07,0.999999799919952,2.0008004803363615E-07,0.999999799919952,2.0008004803363615E-07,0.999999799919952,2.0008004803363615E-07,0.999999799919952,2.0008004803363615E-07,0.999999799919952,2.0008004803363615E-07,0.999999799919952,2.0008004803363615E-07,0.999999799919952,2.0008004803363615E-07,0.999999799919952,2.0008004803363615E-07,0.999999799919952,2.0008004803363615E-07,0.999999799919952,2.0008004803363615E-07,0.999999799919952,2.0008004803363615E-07,0.999999799919952,2.0008004803363615E-07,0.999999799919952,2.0008004803363615E-07,0.999999799919952,2.0008004803363615E-07,0.999999799919952,2.0008004803363615E-07,0.999999799919952,2.0008004803363615E-07,0.999999799919952,0.999999799919952,2.0008004803363615E-07,0.9999985994396638,2.0008004803363615E-07,2.0008004803363615E-07,2.0008004803363615E-07,2.0008004803363615E-07,2.0008004803363615E-07,2.0008004803363615E-07,2.0008004803363615E-07,2.0008004803363615E-07,0.999999799919952,2.0008004803363615E-07,0.999999799919952,2.0008004803363615E-07,0.999999799919952,2.0008004803363615E-07,0.999999799919952,2.0008004803363615E-07,0.999999799919952,2.0008004803363615E-07,0.999999799919952,2.0008004803363615E-07,0.999999799919952,2.0008004803363615E-07,0.999999799919952,2.0008004803363615E-07,0.999999799919952,2.0008004803363615E-07,0.999999799919952,2.0008004803363615E-07,0.999999799919952,2.0008004803363615E-07,0.999999799919952,2.0008004803363615E-07,0.999999799919952,2.0008004803363615E-07,0.999999799919952,2.0008004803363615E-07,0.999999799919952,2.0008004803363615E-07,0.999999799919952,2.0008004803363615E-07,0.999999799919952,2.0008004803363615E-07,0.999999799919952,2.0008004803363615E-07,0.999999799919952,2.0008004803363615E-07,0.999999799919952,2.0008004803363615E-07,0.999999799919952,2.0008004803363615E-07,0.999999799919952,2.0008004803363615E-07,0.999999799919952,2.0008004803363615E-07,0.999999799919952,2.0008004803363615E-07,0.999999799919952,2.0008004803363615E-07,0.999999799919952,2.0008004803363615E-07,0.999999799919952,2.0008004803363615E-07,0.999999799919952,0.999999799919952,2.0008004803363615E-07,0.9999985994396638,2.0008004803363615E-07,2.0008004803363615E-07,2.0008004803363615E-07,2.0008004803363615E-07,2.0008004803363615E-07,2.0008004803363615E-07,2.0008004803363615E-07,2.0008004803363615E-07,0.999999799919952,2.0008004803363615E-07,0.999999799919952,2.0008004803363615E-07,0.999999799919952,2.0008004803363615E-07,0.999999799919952,2.0008004803363615E-07,0.999999799919952,2.0008004803363615E-07,0.999999799919952,2.0008004803363615E-07,0.999999799919952,2.0008004803363615E-07,0.999999799919952,2.0008004803363615E-07,0.999999799919952,2.0008004803363615E-07,0.999999799919952,2.0008004803363615E-07,0.999999799919952,2.0008004803363615E-07,0.999999799919952,2.0008004803363615E-07,0.999999799919952,2.0008004803363615E-07,0.999999799919952,2.0008004803363615E-07,0.999999799919952,2.0008004803363615E-07,0.999999799919952,2.0008004803363615E-07,0.999999799919952,2.0008004803363615E-07,0.999999799919952,2.0008004803363615E-07,0.999999799919952,2.0008004803363615E-07,0.999999799919952,2.0008004803363615E-07,0.999999799919952,2.0008004803363615E-07,0.999999799919952,2.0008004803363615E-07,0.999999799919952,2.0008004803363615E-07,0.999999799919952,2.0008004803363615E-07,0.999999799919952,2.0008004803363615E-07,0.999999799919952,2.0008004803363615E-07,0.999999799919952,2.0008004803363615E-07,0.999999799919952,0.999999799919952,2.0008004803363615E-07,0.9999985994396638,2.0008004803363615E-07,2.0008004803363615E-07,2.0008004803363615E-07,2.0008004803363615E-07,2.0008004803363615E-07,2.0008004803363615E-07,2.0008004803363615E-07,2.0008004803363615E-07,0.999999799919952,2.0008004803363615E-07,0.999999799919952,2.0008004803363615E-07,0.999999799919952,2.0008004803363615E-07,0.999999799919952,2.0008004803363615E-07,0.999999799919952,2.0008004803363615E-07,0.999999799919952,2.0008004803363615E-07,0.999999799919952,2.0008004803363615E-07,0.999999799919952,2.0008004803363615E-07,0.999999799919952,2.0008004803363615E-07,0.999999799919952,2.0008004803363615E-07,0.999999799919952,2.0008004803363615E-07,0.999999799919952,2.0008004803363615E-07,0.999999799919952,2.0008004803363615E-07,0.999999799919952,2.0008004803363615E-07,0.999999799919952,2.0008004803363615E-07,0.999999799919952,2.0008004803363615E-07,0.999999799919952,2.0008004803363615E-07,0.999999799919952,2.0008004803363615E-07,0.999999799919952,2.0008004803363615E-07,0.999999799919952,2.0008004803363615E-07,0.999999799919952,2.0008004803363615E-07,0.999999799919952,2.0008004803363615E-07,0.999999799919952,2.0008004803363615E-07,0.999999799919952,2.0008004803363615E-07,0.999999799919952,2.0008004803363615E-07,0.999999799919952,2.0008004803363615E-07,0.999999799919952,2.0008004803363615E-07,0.999999799919952,0.999999799919952,2.0008004803363615E-07,0.9999985994396638,2.0008004803363615E-07,2.0008004803363615E-07,2.0008004803363615E-07,2.0008004803363615E-07,2.0008004803363615E-07,2.0008004803363615E-07,2.0008004803363615E-07,2.0008004803363615E-07,0.999999799919952,2.0008004803363615E-07,0.999999799919952,2.0008004803363615E-07,0.999999799919952,2.0008004803363615E-07,0.999999799919952,2.0008004803363615E-07,0.999999799919952,2.0008004803363615E-07,0.999999799919952,2.0008004803363615E-07,0.999999799919952,2.0008004803363615E-07,0.999999799919952,2.0008004803363615E-07,0.999999799919952,2.0008004803363615E-07,0.999999799919952,2.0008004803363615E-07,0.999999799919952,2.0008004803363615E-07,0.999999799919952,2.0008004803363615E-07,0.999999799919952,2.0008004803363615E-07,0.999999799919952,2.0008004803363615E-07,0.999999799919952,2.0008004803363615E-07,0.999999799919952,2.0008004803363615E-07,0.999999799919952,2.0008004803363615E-07,0.999999799919952,2.0008004803363615E-07,0.999999799919952,2.0008004803363615E-07,0.999999799919952,2.0008004803363615E-07,0.999999799919952,2.0008004803363615E-07,0.999999799919952,2.0008004803363615E-07,0.999999799919952,2.0008004803363615E-07,0.999999799919952,2.0008004803363615E-07,0.999999799919952,2.0008004803363615E-07,0.999999799919952,2.0008004803363615E-07,0.999999799919952,2.0008004803363615E-07,0.999999799919952,0.999999799919952,2.0008004803363615E-07,2.0008004803363615E-07,2.0008004803363615E-07,2.0008004803363615E-07,2.0008004803363615E-07,2.0008004803363615E-07,0.9999985994396638,2.0008004803363615E-07,2.0008004803363615E-07,0.999999799919952,2.0008004803363615E-07,2.0008004803363615E-07,2.0008004803363615E-07,0.9999985994396638,2.0008004803363615E-07,2.0008004803363615E-07,2.0008004803363615E-07,2.0008004803363615E-07,2.0008004803363615E-07,2.0008004803363615E-07,0.999999799919952,2.0008004803363615E-07,0.999999799919952,2.0008004803363615E-07,0.999999799919952,2.0008004803363615E-07,0.999999799919952,2.0008004803363615E-07,0.999999799919952,2.0008004803363615E-07,0.999999799919952,2.0008004803363615E-07,0.999999799919952,2.0008004803363615E-07,0.999999799919952,2.0008004803363615E-07,0.999999799919952,2.0008004803363615E-07,0.999999799919952,2.0008004803363615E-07,0.999999799919952,2.0008004803363615E-07,0.999999799919952,2.0008004803363615E-07,0.999999799919952,2.0008004803363615E-07,0.999999799919952,2.0008004803363615E-07,0.999999799919952,2.0008004803363615E-07,0.999999799919952,2.0008004803363615E-07,0.999999799919952,2.0008004803363615E-07,0.999999799919952,2.0008004803363615E-07,0.999999799919952,2.0008004803363615E-07,0.999999799919952,2.0008004803363615E-07,0.999999799919952,2.0008004803363615E-07,0.999999799919952,2.0008004803363615E-07,0.999999799919952,2.0008004803363615E-07,0.999999799919952,2.0008004803363615E-07,0.999999799919952,2.0008004803363615E-07,0.999999799919952,2.0008004803363615E-07,0.999999799919952,2.0008004803363615E-07,0.999999799919952,0.999999799919952,2.0008004803363615E-07,2.0008004803363615E-07,0.9999985994396638,2.0008004803363615E-07,2.0008004803363615E-07,2.0008004803363615E-07,2.0008004803363615E-07,2.0008004803363615E-07,2.0008004803363615E-07,2.0008004803363615E-07,0.999999799919952,2.0008004803363615E-07,0.999999799919952,2.0008004803363615E-07,0.999999799919952,2.0008004803363615E-07,0.999999799919952,2.0008004803363615E-07,0.999999799919952,2.0008004803363615E-07,0.999999799919952,2.0008004803363615E-07,0.999999799919952,2.0008004803363615E-07,0.999999799919952,2.0008004803363615E-07,0.999999799919952,2.0008004803363615E-07,0.999999799919952,2.0008004803363615E-07,0.999999799919952,2.0008004803363615E-07,0.999999799919952,2.0008004803363615E-07,0.999999799919952,2.0008004803363615E-07,0.999999799919952,2.0008004803363615E-07,0.999999799919952,2.0008004803363615E-07,0.999999799919952,2.0008004803363615E-07,0.999999799919952,2.0008004803363615E-07,0.999999799919952,2.0008004803363615E-07,0.999999799919952,2.0008004803363615E-07,0.999999799919952,2.0008004803363615E-07,0.999999799919952,2.0008004803363615E-07,0.999999799919952,2.0008004803363615E-07,0.999999799919952,2.0008004803363615E-07,0.999999799919952,2.0008004803363615E-07,0.999999799919952,2.0008004803363615E-07,0.999999799919952,2.0008004803363615E-07,0.999999799919952,2.0008004803363615E-07,0.999999799919952,0.999999799919952,2.0008004803363615E-07,0.9999985994396638,2.0008004803363615E-07,2.0008004803363615E-07,2.0008004803363615E-07,2.0008004803363615E-07,2.0008004803363615E-07,2.0008004803363615E-07,2.0008004803363615E-07,2.0008004803363615E-07,0.999999799919952,2.0008004803363615E-07,0.999999799919952,2.0008004803363615E-07,0.999999799919952,2.0008004803363615E-07,0.999999799919952,2.0008004803363615E-07,0.999999799919952,2.0008004803363615E-07,0.999999799919952,2.0008004803363615E-07,0.999999799919952,2.0008004803363615E-07,0.999999799919952,2.0008004803363615E-07,0.999999799919952,2.0008004803363615E-07,0.999999799919952,2.0008004803363615E-07,0.999999799919952,2.0008004803363615E-07,0.999999799919952,2.0008004803363615E-07,0.999999799919952,2.0008004803363615E-07,0.999999799919952,2.0008004803363615E-07,0.999999799919952,2.0008004803363615E-07,0.999999799919952,2.0008004803363615E-07,0.999999799919952,2.0008004803363615E-07,0.999999799919952,2.0008004803363615E-07,0.999999799919952,2.0008004803363615E-07,0.999999799919952,2.0008004803363615E-07,0.999999799919952,2.0008004803363615E-07,0.999999799919952,2.0008004803363615E-07,0.999999799919952,2.0008004803363615E-07,0.999999799919952,2.0008004803363615E-07,0.999999799919952,2.0008004803363615E-07,0.999999799919952,2.0008004803363615E-07,0.999999799919952,2.0008004803363615E-07,0.999999799919952,0.999999799919952,2.0008004803363615E-07,0.9999985994396638,2.0008004803363615E-07,2.0008004803363615E-07,2.0008004803363615E-07,2.0008004803363615E-07,2.0008004803363615E-07,2.0008004803363615E-07,2.0008004803363615E-07,2.0008004803363615E-07,0.999999799919952,2.0008004803363615E-07,0.999999799919952,2.0008004803363615E-07,0.999999799919952,2.0008004803363615E-07,0.999999799919952,2.0008004803363615E-07,0.999999799919952,2.0008004803363615E-07,0.999999799919952,2.0008004803363615E-07,0.999999799919952,2.0008004803363615E-07,0.999999799919952,2.0008004803363615E-07,0.999999799919952,2.0008004803363615E-07,0.999999799919952,2.0008004803363615E-07,0.999999799919952,2.0008004803363615E-07,0.999999799919952,2.0008004803363615E-07,0.999999799919952,2.0008004803363615E-07,0.999999799919952,2.0008004803363615E-07,0.999999799919952,2.0008004803363615E-07,0.999999799919952,2.0008004803363615E-07,0.999999799919952,2.0008004803363615E-07,0.999999799919952,2.0008004803363615E-07,0.999999799919952,2.0008004803363615E-07,0.999999799919952,2.0008004803363615E-07,0.999999799919952,2.0008004803363615E-07,0.999999799919952,2.0008004803363615E-07,0.999999799919952,2.0008004803363615E-07,0.999999799919952,2.0008004803363615E-07,0.999999799919952,2.0008004803363615E-07,0.999999799919952,2.0008004803363615E-07,0.999999799919952,2.0008004803363615E-07,0.999999799919952,0.999999799919952,2.0008004803363615E-07,0.9999985994396638,2.0008004803363615E-07,2.0008004803363615E-07,2.0008004803363615E-07,2.0008004803363615E-07,2.0008004803363615E-07,2.0008004803363615E-07,2.0008004803363615E-07,2.0008004803363615E-07,0.999999799919952,2.0008004803363615E-07,0.999999799919952,2.0008004803363615E-07,0.999999799919952,2.0008004803363615E-07,0.999999799919952,2.0008004803363615E-07,0.999999799919952,2.0008004803363615E-07,0.999999799919952,2.0008004803363615E-07,0.999999799919952,2.0008004803363615E-07,0.999999799919952,2.0008004803363615E-07,0.999999799919952,2.0008004803363615E-07,0.999999799919952,2.0008004803363615E-07,0.999999799919952,2.0008004803363615E-07,0.999999799919952,2.0008004803363615E-07,0.999999799919952,2.0008004803363615E-07,0.999999799919952,2.0008004803363615E-07,0.999999799919952,2.0008004803363615E-07,0.999999799919952,2.0008004803363615E-07,0.999999799919952,2.0008004803363615E-07,0.999999799919952,2.0008004803363615E-07,0.999999799919952,2.0008004803363615E-07,0.999999799919952,2.0008004803363615E-07,0.999999799919952,2.0008004803363615E-07,0.999999799919952,2.0008004803363615E-07,0.999999799919952,2.0008004803363615E-07,0.999999799919952,2.0008004803363615E-07,0.999999799919952,2.0008004803363615E-07,0.999999799919952,2.0008004803363615E-07,0.999999799919952,2.0008004803363615E-07,0.999999799919952,0.999999799919952,2.0008004803363615E-07,0.9999985994396638,2.0008004803363615E-07,2.0008004803363615E-07,2.0008004803363615E-07,2.0008004803363615E-07,2.0008004803363615E-07,2.0008004803363615E-07,2.0008004803363615E-07,2.0008004803363615E-07,0.999999799919952,2.0008004803363615E-07,0.999999799919952,2.0008004803363615E-07,0.999999799919952,2.0008004803363615E-07,0.999999799919952,2.0008004803363615E-07,0.999999799919952,2.0008004803363615E-07,0.999999799919952,2.0008004803363615E-07,0.999999799919952,2.0008004803363615E-07,0.999999799919952,2.0008004803363615E-07,0.999999799919952,2.0008004803363615E-07,0.999999799919952,2.0008004803363615E-07,0.999999799919952,2.0008004803363615E-07,0.999999799919952,2.0008004803363615E-07,0.999999799919952,2.0008004803363615E-07,0.999999799919952,2.0008004803363615E-07,0.999999799919952,2.0008004803363615E-07,0.999999799919952,2.0008004803363615E-07,0.999999799919952,2.0008004803363615E-07,0.999999799919952,2.0008004803363615E-07,0.999999799919952,2.0008004803363615E-07,0.999999799919952,2.0008004803363615E-07,0.999999799919952,2.0008004803363615E-07,0.999999799919952,2.0008004803363615E-07,0.999999799919952,2.0008004803363615E-07,0.999999799919952,2.0008004803363615E-07,0.999999799919952,2.0008004803363615E-07,0.999999799919952,2.0008004803363615E-07,0.999999799919952,2.0008004803363615E-07,0.999999799919952,0.999999799919952,2.0008004803363615E-07,0.9999985994396638,2.0008004803363615E-07,2.0008004803363615E-07,2.0008004803363615E-07,2.0008004803363615E-07,2.0008004803363615E-07,2.0008004803363615E-07,2.0008004803363615E-07,2.0008004803363615E-07,0.999999799919952,2.0008004803363615E-07,0.999999799919952,2.0008004803363615E-07,0.999999799919952,2.0008004803363615E-07,0.999999799919952,2.0008004803363615E-07,0.999999799919952,2.0008004803363615E-07,0.999999799919952,2.0008004803363615E-07,0.999999799919952,2.0008004803363615E-07,0.999999799919952,2.0008004803363615E-07,0.999999799919952,2.0008004803363615E-07,0.999999799919952,2.0008004803363615E-07,0.999999799919952,2.0008004803363615E-07,0.999999799919952,2.0008004803363615E-07,0.999999799919952,2.0008004803363615E-07,0.999999799919952,2.0008004803363615E-07,0.999999799919952,2.0008004803363615E-07,0.999999799919952,2.0008004803363615E-07,0.999999799919952,2.0008004803363615E-07,0.999999799919952,2.0008004803363615E-07,0.999999799919952,2.0008004803363615E-07,0.999999799919952,2.0008004803363615E-07,0.999999799919952,2.0008004803363615E-07,0.999999799919952,2.0008004803363615E-07,0.999999799919952,2.0008004803363615E-07,0.999999799919952,2.0008004803363615E-07,0.999999799919952,2.0008004803363615E-07,0.999999799919952,2.0008004803363615E-07,0.999999799919952,2.0008004803363615E-07,0.999999799919952,0.999999799919952,2.0008004803363615E-07,0.9999985994396638,2.0008004803363615E-07,2.0008004803363615E-07,2.0008004803363615E-07,2.0008004803363615E-07,2.0008004803363615E-07,2.0008004803363615E-07,2.0008004803363615E-07,2.0008004803363615E-07,0.999999799919952,2.0008004803363615E-07,0.999999799919952,2.0008004803363615E-07,0.999999799919952,2.0008004803363615E-07,0.999999799919952,2.0008004803363615E-07,0.999999799919952,2.0008004803363615E-07,0.999999799919952,2.0008004803363615E-07,0.999999799919952,2.0008004803363615E-07,0.999999799919952,2.0008004803363615E-07,0.999999799919952,2.0008004803363615E-07,0.999999799919952,2.0008004803363615E-07,0.999999799919952,2.0008004803363615E-07,0.999999799919952,2.0008004803363615E-07,0.999999799919952,2.0008004803363615E-07,0.999999799919952,2.0008004803363615E-07,0.999999799919952,2.0008004803363615E-07,0.999999799919952,2.0008004803363615E-07,0.999999799919952,2.0008004803363615E-07,0.999999799919952,2.0008004803363615E-07,0.999999799919952,2.0008004803363615E-07,0.999999799919952,2.0008004803363615E-07,0.999999799919952,2.0008004803363615E-07,0.999999799919952,2.0008004803363615E-07,0.999999799919952,2.0008004803363615E-07,0.999999799919952,2.0008004803363615E-07,0.999999799919952,2.0008004803363615E-07,0.999999799919952,2.0008004803363615E-07,0.999999799919952,2.0008004803363615E-07,0.999999799919952,0.999999799919952,2.0008004803363615E-07,2.0008004803363615E-07,2.0008004803363615E-07,2.0008004803363615E-07,2.0008004803363615E-07,2.0008004803363615E-07,0.9999985994396638,2.0008004803363615E-07,2.0008004803363615E-07,0.999999799919952,2.0008004803363615E-07,2.0008004803363615E-07,2.0008004803363615E-07,0.9999985994396638,2.0008004803363615E-07,2.0008004803363615E-07,2.0008004803363615E-07,2.0008004803363615E-07,2.0008004803363615E-07,2.0008004803363615E-07,0.999999799919952,2.0008004803363615E-07,0.999999799919952,2.0008004803363615E-07,0.999999799919952,2.0008004803363615E-07,0.999999799919952,2.0008004803363615E-07,0.999999799919952,2.0008004803363615E-07,0.999999799919952,2.0008004803363615E-07,0.999999799919952,2.0008004803363615E-07,0.999999799919952,2.0008004803363615E-07,0.999999799919952,2.0008004803363615E-07,0.999999799919952,2.0008004803363615E-07,0.999999799919952,2.0008004803363615E-07,0.999999799919952,2.0008004803363615E-07,0.999999799919952,2.0008004803363615E-07,0.999999799919952,2.0008004803363615E-07,0.999999799919952,2.0008004803363615E-07,0.999999799919952,2.0008004803363615E-07,0.999999799919952,2.0008004803363615E-07,0.999999799919952,2.0008004803363615E-07,0.999999799919952,2.0008004803363615E-07,0.999999799919952,2.0008004803363615E-07,0.999999799919952,2.0008004803363615E-07,0.999999799919952,2.0008004803363615E-07,0.999999799919952,2.0008004803363615E-07,0.999999799919952,2.0008004803363615E-07,0.999999799919952,2.0008004803363615E-07,0.999999799919952,2.0008004803363615E-07,0.999999799919952,2.0008004803363615E-07,0.999999799919952,0.999999799919952,2.0008004803363615E-07,2.0008004803363615E-07,0.8306525189741424,0.16934628054556944,2.0008004803363615E-07,2.0008004803363615E-07,2.0008004803363615E-07,2.0008004803363615E-07,2.0008004803363615E-07,2.0008004803363615E-07,0.999999799919952,2.0008004803363615E-07,0.999999799919952,2.0008004803363615E-07,0.999999799919952,2.0008004803363615E-07,0.999999799919952,2.0008004803363615E-07,0.999999799919952,2.0008004803363615E-07,0.999999799919952,2.0008004803363615E-07,0.999999799919952,2.0008004803363615E-07,0.999999799919952,2.0008004803363615E-07,0.999999799919952,2.0008004803363615E-07,0.999999799919952,2.0008004803363615E-07,0.999999799919952,2.0008004803363615E-07,0.999999799919952,2.0008004803363615E-07,0.999999799919952,2.0008004803363615E-07,0.999999799919952,2.0008004803363615E-07,0.999999799919952,2.0008004803363615E-07,0.999999799919952,2.0008004803363615E-07,0.999999799919952,2.0008004803363615E-07,0.999999799919952,2.0008004803363615E-07,0.999999799919952,2.0008004803363615E-07,0.999999799919952,2.0008004803363615E-07,0.999999799919952,2.0008004803363615E-07,0.999999799919952,2.0008004803363615E-07,0.999999799919952,2.0008004803363615E-07,0.999999799919952,2.0008004803363615E-07,0.999999799919952,2.0008004803363615E-07,0.999999799919952,2.0008004803363615E-07,0.999999799919952,2.0008004803363615E-07,0.999999799919952,0.999999799919952,2.0008004803363615E-07,2.0008004803363615E-07,0.9999985994396638,2.0008004803363615E-07,2.0008004803363615E-07,2.0008004803363615E-07,2.0008004803363615E-07,2.0008004803363615E-07,2.0008004803363615E-07,2.0008004803363615E-07,0.999999799919952,2.0008004803363615E-07,0.999999799919952,2.0008004803363615E-07,0.999999799919952,2.0008004803363615E-07,0.999999799919952,2.0008004803363615E-07,0.999999799919952,2.0008004803363615E-07,0.999999799919952,2.0008004803363615E-07,0.999999799919952,2.0008004803363615E-07,0.999999799919952,2.0008004803363615E-07,0.999999799919952,2.0008004803363615E-07,0.999999799919952,2.0008004803363615E-07,0.999999799919952,2.0008004803363615E-07,0.999999799919952,2.0008004803363615E-07,0.999999799919952,2.0008004803363615E-07,0.999999799919952,2.0008004803363615E-07,0.999999799919952,2.0008004803363615E-07,0.999999799919952,2.0008004803363615E-07,0.999999799919952,2.0008004803363615E-07,0.999999799919952,2.0008004803363615E-07,0.999999799919952,2.0008004803363615E-07,0.999999799919952,2.0008004803363615E-07,0.999999799919952,2.0008004803363615E-07,0.999999799919952,2.0008004803363615E-07,0.999999799919952,2.0008004803363615E-07,0.999999799919952,2.0008004803363615E-07,0.999999799919952,2.0008004803363615E-07,0.999999799919952,2.0008004803363615E-07,0.999999799919952,2.0008004803363615E-07,0.999999799919952,0.999999799919952,2.0008004803363615E-07,0.9999985994396638,2.0008004803363615E-07,2.0008004803363615E-07,2.0008004803363615E-07,2.0008004803363615E-07,2.0008004803363615E-07,2.0008004803363615E-07,2.0008004803363615E-07,2.0008004803363615E-07,0.999999799919952,2.0008004803363615E-07,0.999999799919952,2.0008004803363615E-07,0.999999799919952,2.0008004803363615E-07,0.999999799919952,2.0008004803363615E-07,0.999999799919952,2.0008004803363615E-07,0.999999799919952,2.0008004803363615E-07,0.999999799919952,2.0008004803363615E-07,0.999999799919952,2.0008004803363615E-07,0.999999799919952,2.0008004803363615E-07,0.999999799919952,2.0008004803363615E-07,0.999999799919952,2.0008004803363615E-07,0.999999799919952,2.0008004803363615E-07,0.999999799919952,2.0008004803363615E-07,0.999999799919952,2.0008004803363615E-07,0.999999799919952,2.0008004803363615E-07,0.999999799919952,2.0008004803363615E-07,0.999999799919952,2.0008004803363615E-07,0.999999799919952,2.0008004803363615E-07,0.999999799919952,2.0008004803363615E-07,0.999999799919952,2.0008004803363615E-07,0.999999799919952,2.0008004803363615E-07,0.999999799919952,2.0008004803363615E-07,0.999999799919952,2.0008004803363615E-07,0.999999799919952,2.0008004803363615E-07,0.999999799919952,2.0008004803363615E-07,0.999999799919952,2.0008004803363615E-07,0.999999799919952,2.0008004803363615E-07,0.999999799919952,0.999999799919952,2.0008004803363615E-07,0.9999985994396638,2.0008004803363615E-07,2.0008004803363615E-07,2.0008004803363615E-07,2.0008004803363615E-07,2.0008004803363615E-07,2.0008004803363615E-07,2.0008004803363615E-07,2.0008004803363615E-07,0.999999799919952,2.0008004803363615E-07,0.999999799919952,2.0008004803363615E-07,0.999999799919952,2.0008004803363615E-07,0.999999799919952,2.0008004803363615E-07,0.999999799919952,2.0008004803363615E-07,0.999999799919952,2.0008004803363615E-07,0.999999799919952,2.0008004803363615E-07,0.999999799919952,2.0008004803363615E-07,0.999999799919952,2.0008004803363615E-07,0.999999799919952,2.0008004803363615E-07,0.999999799919952,2.0008004803363615E-07,0.999999799919952,2.0008004803363615E-07,0.999999799919952,2.0008004803363615E-07,0.999999799919952,2.0008004803363615E-07,0.999999799919952,2.0008004803363615E-07,0.999999799919952,2.0008004803363615E-07,0.999999799919952,2.0008004803363615E-07,0.999999799919952,2.0008004803363615E-07,0.999999799919952,2.0008004803363615E-07,0.999999799919952,2.0008004803363615E-07,0.999999799919952,2.0008004803363615E-07,0.999999799919952,2.0008004803363615E-07,0.999999799919952,2.0008004803363615E-07,0.999999799919952,2.0008004803363615E-07,0.999999799919952,2.0008004803363615E-07,0.999999799919952,2.0008004803363615E-07,0.999999799919952,2.0008004803363615E-07,0.999999799919952,0.999999799919952,2.0008004803363615E-07,0.9999985994396638,2.0008004803363615E-07,2.0008004803363615E-07,2.0008004803363615E-07,2.0008004803363615E-07,2.0008004803363615E-07,2.0008004803363615E-07,2.0008004803363615E-07,2.0008004803363615E-07,0.999999799919952,2.0008004803363615E-07,0.999999799919952,2.0008004803363615E-07,0.999999799919952,2.0008004803363615E-07,0.999999799919952,2.0008004803363615E-07,0.999999799919952,2.0008004803363615E-07,0.999999799919952,2.0008004803363615E-07,0.999999799919952,2.0008004803363615E-07,0.999999799919952,2.0008004803363615E-07,0.999999799919952,2.0008004803363615E-07,0.999999799919952,2.0008004803363615E-07,0.999999799919952,2.0008004803363615E-07,0.999999799919952,2.0008004803363615E-07,0.999999799919952,2.0008004803363615E-07,0.999999799919952,2.0008004803363615E-07,0.999999799919952,2.0008004803363615E-07,0.999999799919952,2.0008004803363615E-07,0.999999799919952,2.0008004803363615E-07,0.999999799919952,2.0008004803363615E-07,0.999999799919952,2.0008004803363615E-07,0.999999799919952,2.0008004803363615E-07,0.999999799919952,2.0008004803363615E-07,0.999999799919952,2.0008004803363615E-07,0.999999799919952,2.0008004803363615E-07,0.999999799919952,2.0008004803363615E-07,0.999999799919952,2.0008004803363615E-07,0.999999799919952,2.0008004803363615E-07,0.999999799919952,2.0008004803363615E-07,0.999999799919952,0.999999799919952,2.0008004803363615E-07,0.9999985994396638,2.0008004803363615E-07,2.0008004803363615E-07,2.0008004803363615E-07,2.0008004803363615E-07,2.0008004803363615E-07,2.0008004803363615E-07,2.0008004803363615E-07,2.0008004803363615E-07,0.999999799919952,2.0008004803363615E-07,0.999999799919952,2.0008004803363615E-07,0.999999799919952,2.0008004803363615E-07,0.999999799919952,2.0008004803363615E-07,0.999999799919952,2.0008004803363615E-07,0.999999799919952,2.0008004803363615E-07,0.999999799919952,2.0008004803363615E-07,0.999999799919952,2.0008004803363615E-07,0.999999799919952,2.0008004803363615E-07,0.999999799919952,2.0008004803363615E-07,0.999999799919952,2.0008004803363615E-07,0.999999799919952,2.0008004803363615E-07,0.999999799919952,2.0008004803363615E-07,0.999999799919952,2.0008004803363615E-07,0.999999799919952,2.0008004803363615E-07,0.999999799919952,2.0008004803363615E-07,0.999999799919952,2.0008004803363615E-07,0.999999799919952,2.0008004803363615E-07,0.999999799919952,2.0008004803363615E-07,0.999999799919952,2.0008004803363615E-07,0.999999799919952,2.0008004803363615E-07,0.999999799919952,2.0008004803363615E-07,0.999999799919952,2.0008004803363615E-07,0.999999799919952,2.0008004803363615E-07,0.999999799919952,2.0008004803363615E-07,0.999999799919952,2.0008004803363615E-07,0.999999799919952,2.0008004803363615E-07,0.999999799919952,0.999999799919952,2.0008004803363615E-07,0.9999985994396638,2.0008004803363615E-07,2.0008004803363615E-07,2.0008004803363615E-07,2.0008004803363615E-07,2.0008004803363615E-07,2.0008004803363615E-07,2.0008004803363615E-07,2.0008004803363615E-07,0.999999799919952,2.0008004803363615E-07,0.999999799919952,2.0008004803363615E-07,0.999999799919952,2.0008004803363615E-07,0.999999799919952,2.0008004803363615E-07,0.999999799919952,2.0008004803363615E-07,0.999999799919952,2.0008004803363615E-07,0.999999799919952,2.0008004803363615E-07,0.999999799919952,2.0008004803363615E-07,0.999999799919952,2.0008004803363615E-07,0.999999799919952,2.0008004803363615E-07,0.999999799919952,2.0008004803363615E-07,0.999999799919952,2.0008004803363615E-07,0.999999799919952,2.0008004803363615E-07,0.999999799919952,2.0008004803363615E-07,0.999999799919952,2.0008004803363615E-07,0.999999799919952,2.0008004803363615E-07,0.999999799919952,2.0008004803363615E-07,0.999999799919952,2.0008004803363615E-07,0.999999799919952,2.0008004803363615E-07,0.999999799919952,2.0008004803363615E-07,0.999999799919952,2.0008004803363615E-07,0.999999799919952,2.0008004803363615E-07,0.999999799919952,2.0008004803363615E-07,0.999999799919952,2.0008004803363615E-07,0.999999799919952,2.0008004803363615E-07,0.999999799919952,2.0008004803363615E-07,0.999999799919952,2.0008004803363615E-07,0.999999799919952,0.999999799919952,2.0008004803363615E-07,2.0008004803363615E-07,2.0008004803363615E-07,2.0008004803363615E-07,2.0008004803363615E-07,2.0008004803363615E-07,0.9999985994396638,2.0008004803363615E-07,2.0008004803363615E-07,0.999999799919952,2.0008004803363615E-07,2.0008004803363615E-07,2.0008004803363615E-07,0.4275007481746604,0.5724980513450515,2.0008004803363615E-07,2.0008004803363615E-07,2.0008004803363615E-07,2.0008004803363615E-07,2.0008004803363615E-07,0.999999799919952,2.0008004803363615E-07,0.999999799919952,2.0008004803363615E-07,0.999999799919952,2.0008004803363615E-07,0.999999799919952,2.0008004803363615E-07,0.999999799919952,2.0008004803363615E-07,0.999999799919952,2.0008004803363615E-07,0.999999799919952,2.0008004803363615E-07,0.999999799919952,2.0008004803363615E-07,0.999999799919952,2.0008004803363615E-07,0.999999799919952,2.0008004803363615E-07,0.999999799919952,2.0008004803363615E-07,0.999999799919952,2.0008004803363615E-07,0.999999799919952,2.0008004803363615E-07,0.999999799919952,2.0008004803363615E-07,0.999999799919952,2.0008004803363615E-07,0.999999799919952,2.0008004803363615E-07,0.999999799919952,2.0008004803363615E-07,0.999999799919952,2.0008004803363615E-07,0.999999799919952,2.0008004803363615E-07,0.999999799919952,2.0008004803363615E-07,0.999999799919952,2.0008004803363615E-07,0.999999799919952,2.0008004803363615E-07,0.999999799919952,2.0008004803363615E-07,0.999999799919952,2.0008004803363615E-07,0.999999799919952,2.0008004803363615E-07,0.999999799919952,2.0008004803363615E-07,0.999999799919952,2.0008004803363615E-07,0.999999799919952,0.999999799919952,2.0008004803363615E-07,2.0008004803363615E-07,0.17425550822000271,0.8257432912997091,2.0008004803363615E-07,2.0008004803363615E-07,2.0008004803363615E-07,2.0008004803363615E-07,2.0008004803363615E-07,2.0008004803363615E-07,0.999999799919952,2.0008004803363615E-07,0.999999799919952,2.0008004803363615E-07,0.999999799919952,2.0008004803363615E-07,0.999999799919952,2.0008004803363615E-07,0.999999799919952,2.0008004803363615E-07,0.999999799919952,2.0008004803363615E-07,0.999999799919952,2.0008004803363615E-07,0.999999799919952,2.0008004803363615E-07,0.999999799919952,2.0008004803363615E-07,0.999999799919952,2.0008004803363615E-07,0.999999799919952,2.0008004803363615E-07,0.999999799919952,2.0008004803363615E-07,0.999999799919952,2.0008004803363615E-07,0.999999799919952,2.0008004803363615E-07,0.999999799919952,2.0008004803363615E-07,0.999999799919952,2.0008004803363615E-07,0.999999799919952,2.0008004803363615E-07,0.999999799919952,2.0008004803363615E-07,0.999999799919952,2.0008004803363615E-07,0.999999799919952,2.0008004803363615E-07,0.999999799919952,2.0008004803363615E-07,0.999999799919952,2.0008004803363615E-07,0.999999799919952,2.0008004803363615E-07,0.999999799919952,2.0008004803363615E-07,0.999999799919952,2.0008004803363615E-07,0.999999799919952,2.0008004803363615E-07,0.999999799919952,2.0008004803363615E-07,0.999999799919952,0.999999799919952,2.0008004803363615E-07,2.0008004803363615E-07,0.9999985994396638,2.0008004803363615E-07,2.0008004803363615E-07,2.0008004803363615E-07,2.0008004803363615E-07,2.0008004803363615E-07,2.0008004803363615E-07,2.0008004803363615E-07,0.999999799919952,2.0008004803363615E-07,0.999999799919952,2.0008004803363615E-07,0.999999799919952,2.0008004803363615E-07,0.999999799919952,2.0008004803363615E-07,0.999999799919952,2.0008004803363615E-07,0.999999799919952,2.0008004803363615E-07,0.999999799919952,2.0008004803363615E-07,0.999999799919952,2.0008004803363615E-07,0.999999799919952,2.0008004803363615E-07,0.999999799919952,2.0008004803363615E-07,0.999999799919952,2.0008004803363615E-07,0.999999799919952,2.0008004803363615E-07,0.999999799919952,2.0008004803363615E-07,0.999999799919952,2.0008004803363615E-07,0.999999799919952,2.0008004803363615E-07,0.999999799919952,2.0008004803363615E-07,0.999999799919952,2.0008004803363615E-07,0.999999799919952,2.0008004803363615E-07,0.999999799919952,2.0008004803363615E-07,0.999999799919952,2.0008004803363615E-07,0.999999799919952,2.0008004803363615E-07,0.999999799919952,2.0008004803363615E-07,0.999999799919952,2.0008004803363615E-07,0.999999799919952,2.0008004803363615E-07,0.999999799919952,2.0008004803363615E-07,0.999999799919952,2.0008004803363615E-07,0.999999799919952,2.0008004803363615E-07,0.999999799919952,0.999999799919952,2.0008004803363615E-07,0.9999985994396638,2.0008004803363615E-07,2.0008004803363615E-07,2.0008004803363615E-07,2.0008004803363615E-07,2.0008004803363615E-07,2.0008004803363615E-07,2.0008004803363615E-07,2.0008004803363615E-07,0.999999799919952,2.0008004803363615E-07,0.999999799919952,2.0008004803363615E-07,0.999999799919952,2.0008004803363615E-07,0.999999799919952,2.0008004803363615E-07,0.999999799919952,2.0008004803363615E-07,0.999999799919952,2.0008004803363615E-07,0.999999799919952,2.0008004803363615E-07,0.999999799919952,2.0008004803363615E-07,0.999999799919952,2.0008004803363615E-07,0.999999799919952,2.0008004803363615E-07,0.999999799919952,2.0008004803363615E-07,0.999999799919952,2.0008004803363615E-07,0.999999799919952,2.0008004803363615E-07,0.999999799919952,2.0008004803363615E-07,0.999999799919952,2.0008004803363615E-07,0.999999799919952,2.0008004803363615E-07,0.999999799919952,2.0008004803363615E-07,0.999999799919952,2.0008004803363615E-07,0.999999799919952,2.0008004803363615E-07,0.999999799919952,2.0008004803363615E-07,0.999999799919952,2.0008004803363615E-07,0.999999799919952,2.0008004803363615E-07,0.999999799919952,2.0008004803363615E-07,0.999999799919952,2.0008004803363615E-07,0.999999799919952,2.0008004803363615E-07,0.999999799919952,2.0008004803363615E-07,0.999999799919952,2.0008004803363615E-07,0.999999799919952,0.999999799919952,2.0008004803363615E-07,0.9999985994396638,2.0008004803363615E-07,2.0008004803363615E-07,2.0008004803363615E-07,2.0008004803363615E-07,2.0008004803363615E-07,2.0008004803363615E-07,2.0008004803363615E-07,2.0008004803363615E-07,0.999999799919952,2.0008004803363615E-07,0.999999799919952,2.0008004803363615E-07,0.999999799919952,2.0008004803363615E-07,0.999999799919952,2.0008004803363615E-07,0.999999799919952,2.0008004803363615E-07,0.999999799919952,2.0008004803363615E-07,0.999999799919952,2.0008004803363615E-07,0.999999799919952,2.0008004803363615E-07,0.999999799919952,2.0008004803363615E-07,0.999999799919952,2.0008004803363615E-07,0.999999799919952,2.0008004803363615E-07,0.999999799919952,2.0008004803363615E-07,0.999999799919952,2.0008004803363615E-07,0.999999799919952,2.0008004803363615E-07,0.999999799919952,2.0008004803363615E-07,0.999999799919952,2.0008004803363615E-07,0.999999799919952,2.0008004803363615E-07,0.999999799919952,2.0008004803363615E-07,0.999999799919952,2.0008004803363615E-07,0.999999799919952,2.0008004803363615E-07,0.999999799919952,2.0008004803363615E-07,0.999999799919952,2.0008004803363615E-07,0.999999799919952,2.0008004803363615E-07,0.999999799919952,2.0008004803363615E-07,0.999999799919952,2.0008004803363615E-07,0.999999799919952,2.0008004803363615E-07,0.999999799919952,2.0008004803363615E-07,0.999999799919952,0.999999799919952,2.0008004803363615E-07,0.9999985994396638,2.0008004803363615E-07,2.0008004803363615E-07,2.0008004803363615E-07,2.0008004803363615E-07,2.0008004803363615E-07,2.0008004803363615E-07,2.0008004803363615E-07,2.0008004803363615E-07,0.999999799919952,2.0008004803363615E-07,0.999999799919952,2.0008004803363615E-07,0.999999799919952,2.0008004803363615E-07,0.999999799919952,2.0008004803363615E-07,0.999999799919952,2.0008004803363615E-07,0.999999799919952,2.0008004803363615E-07,0.999999799919952,2.0008004803363615E-07,0.999999799919952,2.0008004803363615E-07,0.999999799919952,2.0008004803363615E-07,0.999999799919952,2.0008004803363615E-07,0.999999799919952,2.0008004803363615E-07,0.999999799919952,2.0008004803363615E-07,0.999999799919952,2.0008004803363615E-07,0.999999799919952,2.0008004803363615E-07,0.999999799919952,2.0008004803363615E-07,0.999999799919952,2.0008004803363615E-07,0.999999799919952,2.0008004803363615E-07,0.999999799919952,2.0008004803363615E-07,0.999999799919952,2.0008004803363615E-07,0.999999799919952,2.0008004803363615E-07,0.999999799919952,2.0008004803363615E-07,0.999999799919952,2.0008004803363615E-07,0.999999799919952,2.0008004803363615E-07,0.999999799919952,2.0008004803363615E-07,0.999999799919952,2.0008004803363615E-07,0.999999799919952,2.0008004803363615E-07,0.999999799919952,2.0008004803363615E-07,0.999999799919952,0.999999799919952,2.0008004803363615E-07,0.9999985994396638,2.0008004803363615E-07,2.0008004803363615E-07,2.0008004803363615E-07,2.0008004803363615E-07,2.0008004803363615E-07,2.0008004803363615E-07,2.0008004803363615E-07,2.0008004803363615E-07,0.999999799919952,2.0008004803363615E-07,0.999999799919952,2.0008004803363615E-07,0.999999799919952,2.0008004803363615E-07,0.999999799919952,2.0008004803363615E-07,0.999999799919952,2.0008004803363615E-07,0.999999799919952,2.0008004803363615E-07,0.999999799919952,2.0008004803363615E-07,0.999999799919952,2.0008004803363615E-07,0.999999799919952,2.0008004803363615E-07,0.999999799919952,2.0008004803363615E-07,0.999999799919952,2.0008004803363615E-07,0.999999799919952,2.0008004803363615E-07,0.999999799919952,2.0008004803363615E-07,0.999999799919952,2.0008004803363615E-07,0.999999799919952,2.0008004803363615E-07,0.999999799919952,2.0008004803363615E-07,0.999999799919952,2.0008004803363615E-07,0.999999799919952,2.0008004803363615E-07,0.999999799919952,2.0008004803363615E-07,0.999999799919952,2.0008004803363615E-07,0.999999799919952,2.0008004803363615E-07,0.999999799919952,2.0008004803363615E-07,0.999999799919952,2.0008004803363615E-07,0.999999799919952,2.0008004803363615E-07,0.999999799919952,2.0008004803363615E-07,0.999999799919952,2.0008004803363615E-07,0.999999799919952,2.0008004803363615E-07,0.999999799919952,0.999999799919952,2.0008004803363615E-07,0.9999985994396638,2.0008004803363615E-07,2.0008004803363615E-07,2.0008004803363615E-07,2.0008004803363615E-07,2.0008004803363615E-07,2.0008004803363615E-07,2.0008004803363615E-07,2.0008004803363615E-07,0.999999799919952,2.0008004803363615E-07,0.999999799919952,2.0008004803363615E-07,0.999999799919952,2.0008004803363615E-07,0.999999799919952,2.0008004803363615E-07,0.999999799919952,2.0008004803363615E-07,0.999999799919952,2.0008004803363615E-07,0.999999799919952,2.0008004803363615E-07,0.999999799919952,2.0008004803363615E-07,0.999999799919952,2.0008004803363615E-07,0.999999799919952,2.0008004803363615E-07,0.999999799919952,2.0008004803363615E-07,0.999999799919952,2.0008004803363615E-07,0.999999799919952,2.0008004803363615E-07,0.999999799919952,2.0008004803363615E-07,0.999999799919952,2.0008004803363615E-07,0.999999799919952,2.0008004803363615E-07,0.999999799919952,2.0008004803363615E-07,0.999999799919952,2.0008004803363615E-07,0.999999799919952,2.0008004803363615E-07,0.999999799919952,2.0008004803363615E-07,0.999999799919952,2.0008004803363615E-07,0.999999799919952,2.0008004803363615E-07,0.999999799919952,2.0008004803363615E-07,0.999999799919952,2.0008004803363615E-07,0.999999799919952,2.0008004803363615E-07,0.999999799919952,2.0008004803363615E-07,0.999999799919952,2.0008004803363615E-07,0.999999799919952,0.999999799919952,2.0008004803363615E-07,2.0008004803363615E-07,2.0008004803363615E-07,2.0008004803363615E-07,2.0008004803363615E-07,2.0008004803363615E-07,0.9999985994396638,2.0008004803363615E-07,2.0008004803363615E-07,0.999999799919952,2.0008004803363615E-07,2.0008004803363615E-07,2.0008004803363615E-07,2.0008004803363615E-07,0.9999985994396638,2.0008004803363615E-07,2.0008004803363615E-07,2.0008004803363615E-07,2.0008004803363615E-07,2.0008004803363615E-07,0.999999799919952,2.0008004803363615E-07,0.999999799919952,2.0008004803363615E-07,0.999999799919952,2.0008004803363615E-07,0.999999799919952,2.0008004803363615E-07,0.999999799919952,2.0008004803363615E-07,0.999999799919952,2.0008004803363615E-07,0.999999799919952,2.0008004803363615E-07,0.999999799919952,2.0008004803363615E-07,0.999999799919952,2.0008004803363615E-07,0.999999799919952,2.0008004803363615E-07,0.999999799919952,2.0008004803363615E-07,0.999999799919952,2.0008004803363615E-07,0.999999799919952,2.0008004803363615E-07,0.999999799919952,2.0008004803363615E-07,0.999999799919952,2.0008004803363615E-07,0.999999799919952,2.0008004803363615E-07,0.999999799919952,2.0008004803363615E-07,0.999999799919952,2.0008004803363615E-07,0.999999799919952,2.0008004803363615E-07,0.999999799919952,2.0008004803363615E-07,0.999999799919952,2.0008004803363615E-07,0.999999799919952,2.0008004803363615E-07,0.999999799919952,2.0008004803363615E-07,0.999999799919952,2.0008004803363615E-07,0.999999799919952,2.0008004803363615E-07,0.999999799919952,2.0008004803363615E-07,0.999999799919952,2.0008004803363615E-07,0.999999799919952,0.999999799919952,2.0008004803363615E-07,2.0008004803363615E-07,2.0008004803363615E-07,0.9999985994396638,2.0008004803363615E-07,2.0008004803363615E-07,2.0008004803363615E-07,2.0008004803363615E-07,2.0008004803363615E-07,2.0008004803363615E-07,0.999999799919952,2.0008004803363615E-07,0.999999799919952,2.0008004803363615E-07,0.999999799919952,2.0008004803363615E-07,0.999999799919952,2.0008004803363615E-07,0.999999799919952,2.0008004803363615E-07,0.999999799919952,2.0008004803363615E-07,0.999999799919952,2.0008004803363615E-07,0.999999799919952,2.0008004803363615E-07,0.999999799919952,2.0008004803363615E-07,0.999999799919952,2.0008004803363615E-07,0.999999799919952,2.0008004803363615E-07,0.999999799919952,2.0008004803363615E-07,0.999999799919952,2.0008004803363615E-07,0.999999799919952,2.0008004803363615E-07,0.999999799919952,2.0008004803363615E-07,0.999999799919952,2.0008004803363615E-07,0.999999799919952,2.0008004803363615E-07,0.999999799919952,2.0008004803363615E-07,0.999999799919952,2.0008004803363615E-07,0.999999799919952,2.0008004803363615E-07,0.999999799919952,2.0008004803363615E-07,0.999999799919952,2.0008004803363615E-07,0.999999799919952,2.0008004803363615E-07,0.999999799919952,2.0008004803363615E-07,0.999999799919952,2.0008004803363615E-07,0.999999799919952,2.0008004803363615E-07,0.999999799919952,2.0008004803363615E-07,0.999999799919952,0.999999799919952,2.0008004803363615E-07,2.0008004803363615E-07,0.22725545139605194,0.7727433481236599,2.0008004803363615E-07,2.0008004803363615E-07,2.0008004803363615E-07,2.0008004803363615E-07,2.0008004803363615E-07,2.0008004803363615E-07,0.999999799919952,2.0008004803363615E-07,0.999999799919952,2.0008004803363615E-07,0.999999799919952,2.0008004803363615E-07,0.999999799919952,2.0008004803363615E-07,0.999999799919952,2.0008004803363615E-07,0.999999799919952,2.0008004803363615E-07,0.999999799919952,2.0008004803363615E-07,0.999999799919952,2.0008004803363615E-07,0.999999799919952,2.0008004803363615E-07,0.999999799919952,2.0008004803363615E-07,0.999999799919952,2.0008004803363615E-07,0.999999799919952,2.0008004803363615E-07,0.999999799919952,2.0008004803363615E-07,0.999999799919952,2.0008004803363615E-07,0.999999799919952,2.0008004803363615E-07,0.999999799919952,2.0008004803363615E-07,0.999999799919952,2.0008004803363615E-07,0.999999799919952,2.0008004803363615E-07,0.999999799919952,2.0008004803363615E-07,0.999999799919952,2.0008004803363615E-07,0.999999799919952,2.0008004803363615E-07,0.999999799919952,2.0008004803363615E-07,0.999999799919952,2.0008004803363615E-07,0.999999799919952,2.0008004803363615E-07,0.999999799919952,2.0008004803363615E-07,0.999999799919952,2.0008004803363615E-07,0.999999799919952,2.0008004803363615E-07,0.999999799919952,0.999999799919952,2.0008004803363615E-07,0.9999985994396638,2.0008004803363615E-07,2.0008004803363615E-07,2.0008004803363615E-07,2.0008004803363615E-07,2.0008004803363615E-07,2.0008004803363615E-07,2.0008004803363615E-07,2.0008004803363615E-07,0.999999799919952,2.0008004803363615E-07,0.999999799919952,2.0008004803363615E-07,0.999999799919952,2.0008004803363615E-07,0.999999799919952,2.0008004803363615E-07,0.999999799919952,2.0008004803363615E-07,0.999999799919952,2.0008004803363615E-07,0.999999799919952,2.0008004803363615E-07,0.999999799919952,2.0008004803363615E-07,0.999999799919952,2.0008004803363615E-07,0.999999799919952,2.0008004803363615E-07,0.999999799919952,2.0008004803363615E-07,0.999999799919952,2.0008004803363615E-07,0.999999799919952,2.0008004803363615E-07,0.999999799919952,2.0008004803363615E-07,0.999999799919952,2.0008004803363615E-07,0.999999799919952,2.0008004803363615E-07,0.999999799919952,2.0008004803363615E-07,0.999999799919952,2.0008004803363615E-07,0.999999799919952,2.0008004803363615E-07,0.999999799919952,2.0008004803363615E-07,0.999999799919952,2.0008004803363615E-07,0.999999799919952,2.0008004803363615E-07,0.999999799919952,2.0008004803363615E-07,0.999999799919952,2.0008004803363615E-07,0.999999799919952,2.0008004803363615E-07,0.999999799919952,2.0008004803363615E-07,0.999999799919952,2.0008004803363615E-07,0.999999799919952,0.999999799919952,2.0008004803363615E-07,0.9999985994396638,2.0008004803363615E-07,2.0008004803363615E-07,2.0008004803363615E-07,2.0008004803363615E-07,2.0008004803363615E-07,2.0008004803363615E-07,2.0008004803363615E-07,2.0008004803363615E-07,0.999999799919952,2.0008004803363615E-07,0.999999799919952,2.0008004803363615E-07,0.999999799919952,2.0008004803363615E-07,0.999999799919952,2.0008004803363615E-07,0.999999799919952,2.0008004803363615E-07,0.999999799919952,2.0008004803363615E-07,0.999999799919952,2.0008004803363615E-07,0.999999799919952,2.0008004803363615E-07,0.999999799919952,2.0008004803363615E-07,0.999999799919952,2.0008004803363615E-07,0.999999799919952,2.0008004803363615E-07,0.999999799919952,2.0008004803363615E-07,0.999999799919952,2.0008004803363615E-07,0.999999799919952,2.0008004803363615E-07,0.999999799919952,2.0008004803363615E-07,0.999999799919952,2.0008004803363615E-07,0.999999799919952,2.0008004803363615E-07,0.999999799919952,2.0008004803363615E-07,0.999999799919952,2.0008004803363615E-07,0.999999799919952,2.0008004803363615E-07,0.999999799919952,2.0008004803363615E-07,0.999999799919952,2.0008004803363615E-07,0.999999799919952,2.0008004803363615E-07,0.999999799919952,2.0008004803363615E-07,0.999999799919952,2.0008004803363615E-07,0.999999799919952,2.0008004803363615E-07,0.999999799919952,2.0008004803363615E-07,0.999999799919952,0.999999799919952,2.0008004803363615E-07,0.9999985994396638,2.0008004803363615E-07,2.0008004803363615E-07,2.0008004803363615E-07,2.0008004803363615E-07,2.0008004803363615E-07,2.0008004803363615E-07,2.0008004803363615E-07,2.0008004803363615E-07,0.999999799919952,2.0008004803363615E-07,0.999999799919952,2.0008004803363615E-07,0.999999799919952,2.0008004803363615E-07,0.999999799919952,2.0008004803363615E-07,0.999999799919952,2.0008004803363615E-07,0.999999799919952,2.0008004803363615E-07,0.999999799919952,2.0008004803363615E-07,0.999999799919952,2.0008004803363615E-07,0.999999799919952,2.0008004803363615E-07,0.999999799919952,2.0008004803363615E-07,0.999999799919952,2.0008004803363615E-07,0.999999799919952,2.0008004803363615E-07,0.999999799919952,2.0008004803363615E-07,0.999999799919952,2.0008004803363615E-07,0.999999799919952,2.0008004803363615E-07,0.999999799919952,2.0008004803363615E-07,0.999999799919952,2.0008004803363615E-07,0.999999799919952,2.0008004803363615E-07,0.999999799919952,2.0008004803363615E-07,0.999999799919952,2.0008004803363615E-07,0.999999799919952,2.0008004803363615E-07,0.999999799919952,2.0008004803363615E-07,0.999999799919952,2.0008004803363615E-07,0.999999799919952,2.0008004803363615E-07,0.999999799919952,2.0008004803363615E-07,0.999999799919952,2.0008004803363615E-07,0.999999799919952,2.0008004803363615E-07,0.999999799919952,0.999999799919952,2.0008004803363615E-07,0.9999985994396638,2.0008004803363615E-07,2.0008004803363615E-07,2.0008004803363615E-07,2.0008004803363615E-07,2.0008004803363615E-07,2.0008004803363615E-07,2.0008004803363615E-07,2.0008004803363615E-07,0.999999799919952,2.0008004803363615E-07,0.999999799919952,2.0008004803363615E-07,0.999999799919952,2.0008004803363615E-07,0.999999799919952,2.0008004803363615E-07,0.999999799919952,2.0008004803363615E-07,0.999999799919952,2.0008004803363615E-07,0.999999799919952,2.0008004803363615E-07,0.999999799919952,2.0008004803363615E-07,0.999999799919952,2.0008004803363615E-07,0.999999799919952,2.0008004803363615E-07,0.999999799919952,2.0008004803363615E-07,0.999999799919952,2.0008004803363615E-07,0.999999799919952,2.0008004803363615E-07,0.999999799919952,2.0008004803363615E-07,0.999999799919952,2.0008004803363615E-07,0.999999799919952,2.0008004803363615E-07,0.999999799919952,2.0008004803363615E-07,0.999999799919952,2.0008004803363615E-07,0.999999799919952,2.0008004803363615E-07,0.999999799919952,2.0008004803363615E-07,0.999999799919952,2.0008004803363615E-07,0.999999799919952,2.0008004803363615E-07,0.999999799919952,2.0008004803363615E-07,0.999999799919952,2.0008004803363615E-07,0.999999799919952,2.0008004803363615E-07,0.999999799919952,2.0008004803363615E-07,0.999999799919952,2.0008004803363615E-07,0.999999799919952,0.999999799919952,2.0008004803363615E-07,0.9999985994396638,2.0008004803363615E-07,2.0008004803363615E-07,2.0008004803363615E-07,2.0008004803363615E-07,2.0008004803363615E-07,2.0008004803363615E-07,2.0008004803363615E-07,2.0008004803363615E-07,0.999999799919952,2.0008004803363615E-07,0.999999799919952,2.0008004803363615E-07,0.999999799919952,2.0008004803363615E-07,0.999999799919952,2.0008004803363615E-07,0.999999799919952,2.0008004803363615E-07,0.999999799919952,2.0008004803363615E-07,0.999999799919952,2.0008004803363615E-07,0.999999799919952,2.0008004803363615E-07,0.999999799919952,2.0008004803363615E-07,0.999999799919952,2.0008004803363615E-07,0.999999799919952,2.0008004803363615E-07,0.999999799919952,2.0008004803363615E-07,0.999999799919952,2.0008004803363615E-07,0.999999799919952,2.0008004803363615E-07,0.999999799919952,2.0008004803363615E-07,0.999999799919952,2.0008004803363615E-07,0.999999799919952,2.0008004803363615E-07,0.999999799919952,2.0008004803363615E-07,0.999999799919952,2.0008004803363615E-07,0.999999799919952,2.0008004803363615E-07,0.999999799919952,2.0008004803363615E-07,0.999999799919952,2.0008004803363615E-07,0.999999799919952,2.0008004803363615E-07,0.999999799919952,2.0008004803363615E-07,0.999999799919952,2.0008004803363615E-07,0.999999799919952,2.0008004803363615E-07,0.999999799919952,2.0008004803363615E-07,0.999999799919952
