"OptionSet","Exploit","Refine","Seconds","Filter","All","NoDispute","DisputeArises","LitigQuality","PFiles","DAnswers","Activity","Accident","WrongAttrib","PrecPower","PrecLevel","BCRatio","PrecPower1","PrecPower2","PrecPower3","PrecPower4","PrecPower5","PrecPower6","PrecPower7","PrecPower8","PBargains1","DBargains1","POffer1","DOffer1","POfferMixedness1","DOfferMixedness1","Settles1","PBet1","DBet1","PBetMixedness1","DBetMixedness1","PAbandons1","DDefaults1","Trial","PWinPct","PWealth","DWealth","TotWealth","WealthLoss","PWelfare","DWelfare","TotExpense","False+","False-","False+-","False+^2","False-^2","PDSWelfareLoss","SWelfareLoss","OpportunityCost","HarmCost","TrulyLiableHarmCost","TrulyNotLiableHarmCost","Chips","Settles","ValIfSettled","PAbandons","DDefaults","BothReadyToGiveUp","TrulyLiable","PrimaryAction","MutualOptimism","PLiabilitySignal1","PLiabilitySignal2","PLiabilitySignal3","PLiabilitySignal4","PLiabilitySignal5","PLiabilitySignal6","PLiabilitySignal7","PLiabilitySignal8","DLiabilitySignal1","DLiabilitySignal2","DLiabilitySignal3","DLiabilitySignal4","DLiabilitySignal5","DLiabilitySignal6","DLiabilitySignal7","DLiabilitySignal8","P Files","D Answers","PDoesntFile","DDoesntAnswer","SettlesBR1","PAbandonsBR1","DDefaultsBR1","P Loses","P Wins"
"Risk Neutral CM 1 HIGHRA FSM 2","8.851E-08","0.9783","149","All",1,0.9999,9.97911E-05,0.5,4.197E-11,1.99662E-11,1,9.97911E-05,9.99846E-06,4.5,1,0.921114,0.125001,0.125,0.124999,0.124999,0.124999,0.125,0.125,0.125001,1,1,0.0625009,0.0625008,,,1.99662E-11,,,,,2.79638E-17,1.45261E-18,5.89E-24,0.402589,9.9999,9.99999,19.9999,0.000109791,1000,1000,1.01873E-11,1.429E-11,3.7205E-5,3.72049E-5,1.18701E-11,3.72049E-05,9.97929E-05,9.97929E-05,1.00002E-05,8.97926E-05,3.33731E-05,5.64195E-05,0,1.9966E-11,0.0625004,2.79638E-17,1.45261E-18,5.88564E-24,0.372828,0,-1.31308E-15,0.102831,0.127187,0.135106,0.134876,0.134876,0.135106,0.127187,0.102831,0.102831,0.127187,0.135106,0.134876,0.134876,0.135106,0.127187,0.102831,4.1975E-11,1.99662E-11,1,2.20086E-11,1.99662E-11,2.79638E-17,1.45261E-18,3.5162E-24,2.369E-24
"Risk Neutral CM 1 HIGHRA FSM 2","8.851E-08","0.9783","149","NoDispute",0.9999,1,0,0.500001,0,0,1,0,0,4.50001,1,0.921114,0.124999,0.125,0.125,0.125,0.125,0.125,0.125,0.125,1,1,,,,,0,,,,,0,0,0,,10,9.99999,20,1.00002E-05,1000,1000,0,0,0,0,0,0,1.00002E-05,1.00002E-05,1.00002E-05,0,0,0,0,0,,0,0,0,,0,0,0.102831,0.127187,0.135106,0.134876,0.134876,0.135106,0.127187,0.102831,0.102831,0.127187,0.135106,0.134876,0.134876,0.135106,0.127187,0.102831,0,0,1,0,0,0,0,0,0
"Risk Neutral CM 1 HIGHRA FSM 2","8.851E-08","0.9783","149","DisputeArises",0.0001,0,1,0.492902,4.2063E-7,2.0008E-07,1,1,0.100194,4.44321,1,0.914383,0.140777,0.130232,0.121814,0.117766,0.116583,0.118169,0.123735,0.130923,1,1,0.0625009,0.0625008,,,2.0008E-07,,,,,2.80224E-13,1.45565E-14,5.9E-20,0.402589,9,9.99999,19,1.00001,999.82,1000,1.02087E-07,1.4324E-7,0.372828,0.372828,1.18949E-07,0.372828,0.899816,0.899816,1E-05,0.899806,0.33443,0.565376,0,2.0008E-07,0.0625004,2.80224E-13,1.45565E-14,5.89797E-20,0.372828,0,-4.47812E-14,0.105951,0.130281,0.137221,0.135519,0.133985,0.132893,0.124203,0.0999478,0.105951,0.130281,0.137221,0.135519,0.133985,0.132893,0.124203,0.0999478,4.20627E-7,2.0008E-07,1,2.20547E-07,2.0008E-07,2.80224E-13,1.45565E-14,3.5235E-20,2.374E-20
"Risk Neutral CM 1 HIGHRA FSM 2","8.851E-08","0.9783","149","PFiles",4E-11,0,1,0.496636,1,0.475671,1,1,0.0953213,4.47309,0.475673,0.969652,0.137875,0.128505,0.121038,0.117688,0.117039,0.119159,0.125379,0.133317,1,1,0.0625009,0.0625008,,,0.47567,,,,,6.66205E-07,3.46067E-08,1.4E-13,0.402589,9.40649,9.3508,18.7573,1.24271,999.85,999.903,0.242701,0.340545,0.227938,0.568483,0.282791,0.232087,0.904683,1.14738,4.75673E-06,0.904679,0.397349,0.50733,0,0.47567,0.0625004,6.66205E-07,3.46067E-08,1.40219E-13,0.439438,0,-3.17347E-13,0.104315,0.128658,0.136112,0.135182,0.134452,0.134053,0.125767,0.10146,0.104315,0.128658,0.136112,0.135182,0.134452,0.134053,0.125767,0.10146,1,0.475671,0,0.524329,0.47567,6.66205E-07,3.46067E-08,8.3768E-14,5.645E-14
"Risk Neutral CM 1 HIGHRA FSM 2","8.851E-08","0.9783","149","DAnswers",2E-11,0,1,0.492902,1,1,1,1,0.100194,4.44321,1,0.914383,0.140777,0.130232,0.121814,0.117766,0.116583,0.118169,0.123735,0.130923,1,1,0.0625009,0.0625008,,,0.999999,,,,,1.40056E-06,7.27534E-08,2.95E-13,0.402589,8.8625,9.73749,18.6,1.40001,999.686,999.994,0.4,0.164633,0.424092,0.588725,0.0432163,0.482404,0.899816,1.29982,1E-05,0.899806,0.33443,0.565376,0,0.999999,0.0625004,1.40056E-06,7.27534E-08,2.9478E-13,0.372828,0,-3.61440E-13,0.105951,0.130281,0.137221,0.135519,0.133985,0.132893,0.124203,0.0999478,0.105951,0.130281,0.137221,0.135519,0.133985,0.132893,0.124203,0.0999478,1,1,0,0,0.999999,1.40056E-06,7.27534E-08,1.7611E-13,1.187E-13
"Risk Neutral CM 1 HIGHRA FSM 2","8.851E-08","0.9783","149","Litigated",2E-11,0,1,0.492902,1,1,1,1,0.100194,4.44321,1,0.914383,0.140777,0.130232,0.121814,0.117766,0.116583,0.118169,0.123735,0.130923,1,1,0.0625009,0.0625008,,,0.999999,,,,,1.40056E-06,7.27534E-08,2.95E-13,0.402589,8.8625,9.73749,18.6,1.40001,999.686,999.994,0.4,0.164633,0.424092,0.588725,0.0432163,0.482404,0.899816,1.29982,1E-05,0.899806,0.33443,0.565376,0,0.999999,0.0625004,1.40056E-06,7.27534E-08,2.9478E-13,0.372828,0,-3.61440E-13,0.105951,0.130281,0.137221,0.135519,0.133985,0.132893,0.124203,0.0999478,0.105951,0.130281,0.137221,0.135519,0.133985,0.132893,0.124203,0.0999478,1,1,0,0,0.999999,1.40056E-06,7.27534E-08,1.7611E-13,1.187E-13
"Risk Neutral CM 1 HIGHRA FSM 2","8.851E-08","0.9783","149","Not Litigated",1,0.9999,9.97911E-05,0.5,2.201E-11,0,1,9.97911E-05,9.99846E-06,4.5,1,0.921114,0.125001,0.125,0.124999,0.124999,0.124999,0.125,0.125,0.125001,1,1,,,,,0,,,,,0,0,0,,9.9999,9.99999,19.9999,0.000109791,1000,1000,2.20086E-12,1.101E-11,3.7205E-5,3.72049E-5,1.10072E-11,3.72049E-05,9.97928E-05,9.97928E-05,1.00002E-05,8.97926E-05,3.33731E-05,5.64195E-05,0,0,,0,0,0,0.372828,0,0,0.102831,0.127187,0.135106,0.134876,0.134876,0.135106,0.127187,0.102831,0.102831,0.127187,0.135106,0.134876,0.134876,0.135106,0.127187,0.102831,2.2009E-11,0,1,2.20086E-11,0,0,0,0,0
"Risk Neutral CM 1 HIGHRA FSM 2","8.851E-08","0.9783","149","Settles",2E-11,0,1,0.492902,1,1,1,1,0.100194,4.44321,1,0.914383,0.140777,0.130232,0.121814,0.117766,0.116583,0.118169,0.123735,0.130923,1,1,0.0625001,0.0625008,,,1,,,,,0,0,0,,8.8625,9.73749,18.6,1.40001,999.686,999.994,0.4,0.164633,0.424092,0.588725,0.0432163,0.482404,0.899816,1.29982,1E-05,0.899806,0.33443,0.565376,0,1,0.0625004,0,0,0,0.372828,0,2.35287E-08,0.105951,0.130281,0.137221,0.135519,0.133985,0.132893,0.124203,0.0999478,0.105951,0.130281,0.137221,0.135519,0.133985,0.132893,0.124203,0.0999478,1,1,0,0,1,0,0,0,0
"Risk Neutral CM 1 HIGHRA FSM 2","8.851E-08","0.9783","149","Tried",6E-24,0,1,0.486635,1,1,1,1,0.099735,4.39308,0.950622,0.914024,0.141963,0.132973,0.12544,0.12082,0.117508,0.116358,0.119624,0.125316,1,1,0.579969,0.0934999,,,0,,,,,0,0,1,0.402589,8.98569,9.4143,18.4,1.60001,995.997,997.303,0.6,0.536241,0.264672,0.800913,0.813048,0.502876,0.900274,1.50027,9.50622E-06,0.900265,0.330244,0.570021,0,0,,0,0,0,0.367978,0,-0.01597,0.103595,0.131339,0.144912,0.14553,0.135212,0.126331,0.11807,0.0950123,0.10759,0.13252,0.139535,0.137108,0.134099,0.131243,0.121134,0.0967714,1,1,0,0,0,0,0,0.597411,0.402589
"Risk Neutral CM 1 HIGHRA FSM 2","8.851E-08","0.9783","149","PWins",2E-24,0,1,0.62329,1,1,1,1,0.100871,5.48632,0.947424,1.02997,0.054087,0.0641901,0.0816873,0.106934,0.134692,0.161286,0.187109,0.210016,1,1,0.581117,0.0955906,,,0,,,,,0,0,1,1,10.3,8.09999,18.4,1.60001,1000,993.298,0.6,1.33198,0,1.33198,2.01955,0,0.899139,1.49914,9.47424E-06,0.899129,0.509746,0.389384,0,0,,0,0,0,0.568018,0,-0.0341431,0.0453157,0.069855,0.0999951,0.132074,0.153719,0.169388,0.177383,0.152271,0.0480867,0.07078,0.094609,0.121306,0.15092,0.176548,0.182373,0.155378,1,1,0,0,0,0,0,0,1
"Risk Neutral CM 1 HIGHRA FSM 2","8.851E-08","0.9783","149","DWins",4E-24,0,1,0.394545,1,1,1,1,0.0989698,3.65636,0.952777,0.835892,0.201181,0.179324,0.154925,0.130177,0.105927,0.0860815,0.0741464,0.0682374,1,1,0.579195,0.0920911,,,0,,,,,0,0,1,0,8.1,10.3,18.4,1.60001,993.298,1000,0.6,0,0.443031,0.443031,0,0.841759,0.90104,1.50104,9.52777E-06,0.90103,0.209279,0.691751,0,0,,0,0,0,0.233174,0,-0.00372344,0.142868,0.172772,0.175181,0.154598,0.122741,0.097315,0.0780992,0.0564266,0.147688,0.174125,0.16981,0.147757,0.122765,0.100712,0.0798656,0.0572773,1,1,0,0,0,0,0,1,0
"Risk Neutral CM 1 HIGHRA FSM 2","8.851E-08","0.9783","149","Abandoned",3E-17,0,1,0.486635,1,1,1,1,0.099735,4.39308,0.950622,0.914024,0.141963,0.132973,0.12544,0.12082,0.117508,0.116358,0.119624,0.125316,1,1,0.579969,0.0934999,,,0,,,,,0.950619,0.0493809,0,,8.84938,9.75061,18.6,1.40001,999.615,999.976,0.4,0.164936,0.428013,0.592949,0.0759711,0.510903,0.900274,1.30027,9.50622E-06,0.900265,0.330244,0.570021,0,0,,0.950619,0.0493809,2.0008E-07,0.367978,0,-0.01597,0.103595,0.131339,0.144912,0.14553,0.135212,0.126331,0.11807,0.0950123,0.10759,0.13252,0.139535,0.137108,0.134099,0.131243,0.121134,0.0967714,1,1,0,0,0,0.950619,0.0493809,0,0
"Risk Neutral CM 1 HIGHRA FSM 2","8.851E-08","0.9783","149","PrecPower1",0.125,0.999888,0.000112385,0.0625,4.63E-11,2.24860E-11,1,0.000112385,1.08155E-05,1,1,0.532697,1,0,0,0,0,0,0,0,1,1,0.0625009,0.0625008,,,2.24860E-11,,,,,3.1493E-17,1.91505E-18,6.68E-24,0.153384,9.99989,9.99999,19.9999,0.000122385,1000,1000,1.13756E-11,2.971E-11,0,2.9715E-11,2.53614E-11,0,0.00011157,0.00011157,1.00002E-05,0.00010157,0,0.00010157,0,2.2486E-11,0.0625004,3.1493E-17,1.91505E-18,6.68429E-24,0,0,0.936693,0.224525,0.243922,0.207842,0.146448,0.0898697,0.0498804,0.0255095,0.0120029,0.394013,0.326145,0.184955,0.0718392,0.019103,0.00347585,0.000432501,3.67798E-05,4.6298E-11,2.24860E-11,1,2.38119E-11,2.24860E-11,3.1493E-17,1.91505E-18,5.6590E-24,1.025E-24
"Risk Neutral CM 1 HIGHRA FSM 2","8.851E-08","0.9783","149","PrecPower2",0.125,0.999896,0.000103968,0.1875,4.315E-11,2.08019E-11,1,0.000103968,1.01356E-05,2,1,0.654322,0,1,0,0,0,0,0,0,1,1,0.0625009,0.0625008,,,2.08019E-11,,,,,2.91343E-17,2.15827E-18,6.26E-24,0.194342,9.9999,9.99999,19.9999,0.000113968,1000,1000,1.05557E-11,2.781E-11,0,2.781E-11,2.37831E-11,0,0.000103833,0.000103833,1.00002E-05,9.38325E-05,0,9.38325E-05,0,2.0802E-11,0.0625004,2.91343E-17,2.15827E-18,6.26102E-24,0,0,0.708276,0.194116,0.219716,0.199292,0.153453,0.105571,0.0669766,0.0395237,0.0213505,0.24594,0.29712,0.245942,0.139472,0.0541729,0.0144053,0.00262108,0.000326142,4.3152E-11,2.08019E-11,1,2.23497E-11,2.08019E-11,2.91343E-17,2.15827E-18,5.0442E-24,1.217E-24
"Risk Neutral CM 1 HIGHRA FSM 2","8.851E-08","0.9783","149","PrecPower3",0.125,0.999903,9.72481E-05,0.3125,4.064E-11,1.94574E-11,1,9.72481E-05,9.59787E-06,3,1,0.770904,0,0,1,0,0,0,0,0,1,1,0.0625009,0.0625008,,,1.94574E-11,,,,,2.72512E-17,2.26891E-18,5.91E-24,0.262168,9.9999,9.99999,19.9999,0.000107248,1000,1000,9.90168E-12,2.629E-11,0,2.6295E-11,2.25279E-11,0,9.76504E-05,9.76505E-05,1.00002E-05,8.76502E-05,0,8.76502E-05,0,1.9457E-11,0.0625004,2.72512E-17,2.26891E-18,5.90639E-24,0,0,0.437033,0.153945,0.184877,0.182933,0.158249,0.125175,0.0924003,0.0633459,0.0390745,0.122435,0.215899,0.260828,0.215901,0.122436,0.0475556,0.0126456,0.00230091,4.0645E-11,1.94574E-11,1,2.11872E-11,1.94574E-11,2.72512E-17,2.26891E-18,4.3579E-24,1.548E-24
"Risk Neutral CM 1 HIGHRA FSM 2","8.851E-08","0.9783","149","PrecPower4",0.125,0.999906,9.40162E-05,0.4375,3.952E-11,1.88108E-11,1,9.40162E-05,9.38785E-06,4,1,0.882223,0,0,0,1,0,0,0,0,1,1,0.0625009,0.0625008,,,1.88107E-11,,,,,2.63456E-17,2.08731E-18,5.69E-24,0.35632,9.99991,9.99999,19.9999,0.000104016,1000,1000,9.5952E-12,2.565E-11,0,2.5647E-11,2.20051E-11,0,9.46286E-05,9.46286E-05,1.00002E-05,8.46284E-05,0,8.46284E-05,0,1.8811E-11,0.0625004,2.63456E-17,2.08731E-18,5.68885E-24,0,0,0.146656,0.109092,0.141947,0.157033,0.156101,0.144142,0.12449,0.0986529,0.0685429,0.0454962,0.117134,0.206552,0.249536,0.206553,0.117134,0.0454964,0.0120981,3.952E-11,1.88108E-11,1,2.07089E-11,1.88107E-11,2.63456E-17,2.08731E-18,3.6618E-24,2.027E-24
"Risk Neutral CM 1 HIGHRA FSM 2","8.851E-08","0.9783","149","PrecPower5",0.125,0.999907,9.30722E-05,0.5625,3.93E-11,1.86219E-11,1,9.30722E-05,9.39639E-06,5,1,0.988052,0,0,0,0,1,0,0,0,1,1,0.0625009,0.0625008,,,1.86219E-11,,,,,2.6081E-17,1.57236E-18,5.53E-24,0.461462,9.99991,9.99999,19.9999,0.000103072,1000,1000,9.51675E-12,4.888E-12,2.068E-12,6.9563E-12,1.28317E-12,2.06805E-13,9.3676E-05,9.3676E-05,1.00002E-05,8.36758E-05,1.88002E-11,8.36758E-05,0,1.8622E-11,0.0625004,2.6081E-17,1.57236E-18,5.53289E-24,2.22193E-07,0,-0.146652,0.0685427,0.0986528,0.12449,0.144142,0.156101,0.157033,0.141947,0.109092,0.0120981,0.0454965,0.117134,0.206553,0.249536,0.206552,0.117134,0.0454962,3.9302E-11,1.86219E-11,1,2.06800E-11,1.86219E-11,2.6081E-17,1.57236E-18,2.9797E-24,2.553E-24
"Risk Neutral CM 1 HIGHRA FSM 2","8.851E-08","0.9783","149","PrecPower6",0.125,0.999906,9.43382E-05,0.6875,4.001E-11,1.88752E-11,1,9.43382E-05,9.62281E-06,6,1,1.08816,0,0,0,0,0,1,0,0,1,1,0.0625009,0.0625008,,,1.88752E-11,,,,,2.64358E-17,9.46947E-19,5.48E-24,0.558035,9.99991,9.99999,19.9999,0.000104338,1000,1000,9.6639E-12,0,9.4338E-5,9.43381E-5,0,9.43381E-05,9.47157E-05,9.47157E-05,1.00002E-05,8.47154E-05,8.47154E-05,6.627840000000001E-11,0,1.8875E-11,0.0625005,2.64358E-17,9.46947E-19,5.47874E-24,0.999999,0,-0.437031,0.0390745,0.0633459,0.0924003,0.125175,0.158249,0.182933,0.184877,0.153945,0.00230091,0.0126457,0.0475556,0.122436,0.215901,0.260828,0.215899,0.122435,4.0013E-11,1.88752E-11,1,2.11382E-11,1.88752E-11,2.64358E-17,9.46947E-19,2.4214E-24,3.057E-24
"Risk Neutral CM 1 HIGHRA FSM 2","8.851E-08","0.9783","149","PrecPower7",0.125,0.999901,9.87814E-05,0.8125,4.21E-11,1.97642E-11,1,9.87814E-05,1.01728E-05,7,1,1.18231,0,0,0,0,0,0,1,0,1,1,0.0625008,0.0625008,,,1.97642E-11,,,,,2.76809E-17,4.70288E-19,5.63E-24,0.629706,9.9999,9.99999,19.9999,0.000108782,1000,1000,1.01394E-11,0,9.8781E-5,9.87813E-5,0,9.87813E-05,9.86088E-05,9.86088E-05,1.00002E-05,8.86086E-05,8.86085E-05,5.0009700000000005E-11,0,1.9764E-11,0.0625005,2.76809E-17,4.70288E-19,5.63249E-24,0.999999,0,-0.708277,0.0213505,0.0395238,0.0669767,0.105572,0.153453,0.199292,0.219716,0.194116,0.000326143,0.00262108,0.0144053,0.0541729,0.139472,0.245942,0.29712,0.24594,4.2102E-11,1.97642E-11,1,2.23377E-11,1.97642E-11,2.76809E-17,4.70288E-19,2.0857E-24,3.547E-24
"Risk Neutral CM 1 HIGHRA FSM 2","8.851E-08","0.9783","149","PrecPower8",0.125,0.999895,0.000104519,0.9375,4.477E-11,2.09122E-11,1,0.000104519,1.08588E-05,8,1,1.27025,0,0,0,0,0,0,0,1,1,1,0.0625008,0.0625008,,,2.09122E-11,,,,,2.92887E-17,2.0176E-19,5.90E-24,0.674695,9.9999,9.99999,19.9999,0.000114519,1000,1000,1.07504E-11,0,0.0001045,0.00010452,0,0.000104519,0.000103661,0.000103661,1.00002E-05,9.36603E-05,9.36603E-05,3.51081E-11,0,2.0912E-11,0.0625005,2.92887E-17,2.0176E-19,5.90046E-24,1,0,-0.936698,0.0120029,0.0255096,0.0498806,0.0898702,0.146449,0.207842,0.243922,0.224524,3.678E-05,0.000432503,0.00347585,0.0191031,0.0718393,0.184955,0.326145,0.394013,4.4767E-11,2.09122E-11,1,2.38552E-11,2.09122E-11,2.92887E-17,2.0176E-19,1.9194E-24,3.981E-24
"Risk Neutral CM 1 HIGHRA FSM 2","8.851E-08","0.9783","149","PrecLevel0",4E-07,0.999945,5.49995E-05,0.5,5.4999E-5,1.10043E-11,0.5,5.49995E-05,4.9995E-06,4.5,0,1.02079,0.125001,0.125,0.125,0.125,0.125,0.125,0.125,0.125001,1,1,0.763127,0.694867,,,7.37423E-12,,,,,3.28010E-18,3.63007E-12,7.26E-19,0.428639,9.99999,9.99945,19.9994,0.000560499,1000,1000,5.49995E-06,2.7507E-5,2.7493E-6,3.02563E-5,2.7507E-05,2.74931E-07,0.00055,0.0005555,0.0005,5E-05,2.49934E-05,2.50066E-05,0,7.3742E-12,0.692439,3.28010E-18,3.63007E-12,7.26304E-19,0.499868,0,-4.45231E-15,0.102831,0.127187,0.135106,0.134876,0.134876,0.135106,0.127187,0.102831,0.102831,0.127187,0.135106,0.134876,0.134876,0.135106,0.127187,0.102831,5.49995E-5,1.10043E-11,0.999945,5.49995E-05,7.37423E-12,3.28010E-18,3.63007E-12,4.1498E-19,3.113E-19
"Risk Neutral CM 1 HIGHRA FSM 2","8.851E-08","0.9783","149","PrecLevel1",1,0.9999,9.97911E-05,0.5,1.997E-11,1.99662E-11,1,9.97911E-05,9.99846E-06,4.5,1,0.921114,0.125001,0.125,0.124999,0.124999,0.124999,0.125,0.125,0.125001,1,1,0.0625007,0.0625007,,,1.99662E-11,,,,,2.79639E-17,2.79751E-24,5.6E-24,0.401236,9.9999,9.99999,19.9999,0.000109791,1000,1000,7.98648E-12,3.287E-12,3.7205E-5,3.7205E-05,8.62867E-13,3.7205E-05,9.97927E-05,9.97927E-05,1E-05,8.97927E-05,3.33731E-05,5.64195E-05,0,1.9966E-11,0.0625004,2.79639E-17,2.79751E-24,5.59501E-24,0.372828,0,0,0.102831,0.127187,0.135106,0.134876,0.134876,0.135106,0.127187,0.102831,0.102831,0.127187,0.135106,0.134876,0.134876,0.135106,0.127187,0.102831,1.9966E-11,1.99662E-11,1,3.99484E-18,1.99662E-11,2.79639E-17,2.79751E-24,3.3501E-24,2.245E-24
"Risk Neutral CM 1 HIGHRA FSM 2","8.851E-08","0.9783","149","PrecLevel2",2E-07,0.999909,9.058E-05,0.5,1.812E-11,1.81232E-11,1,9.058E-05,9.99885E-06,4.5,2,0.8173,0.125001,0.125,0.124999,0.124999,0.124999,0.125,0.125,0.125001,1,1,0.0625007,0.0625007,,,1.81232E-11,,,,,2.53827E-17,2.53928E-24,5.08E-24,0.275018,9.99991,9.99998,19.9999,0.00011058,1000,1000,7.24930E-12,3.589E-12,2.225E-05,2.22498E-5,9.42058E-13,2.22498E-05,0.000100581,0.000100581,2E-05,8.05811E-05,1.96131E-05,6.0968E-05,0,1.8123E-11,0.0625004,2.53827E-17,2.53928E-24,5.07857E-24,0.245637,0,0,0.102831,0.127187,0.135106,0.134876,0.134876,0.135106,0.127187,0.102831,0.102831,0.127187,0.135106,0.134876,0.134876,0.135106,0.127187,0.102831,1.8123E-11,1.81232E-11,1,3.6261E-18,1.81232E-11,2.53827E-17,2.53928E-24,3.6819E-24,1.397E-24
"Risk Neutral CM 1 HIGHRA FSM 2","8.851E-08","0.9783","149","PrecLevel3",2E-07,0.999918,8.2407E-05,0.5,1.649E-11,1.64880E-11,1,8.2407E-05,1.00004E-05,4.5,3,0.708301,0.125001,0.125,0.125,0.124999,0.124999,0.125,0.125,0.125001,1,1,0.0625007,0.0625007,,,1.64880E-11,,,,,2.30924E-17,2.31017E-24,4.62E-24,0.162533,9.99992,9.99997,19.9999,0.000112407,1000,1000,6.59520E-12,3.811E-12,9.837E-06,9.83699E-6,1.00051E-12,9.83699E-06,0.000102407,0.000102407,3E-05,7.24066E-05,8.47019E-06,6.39364E-05,0,1.6488E-11,0.0625004,2.30924E-17,2.31017E-24,4.62033E-24,0.119371,0,-1.39958E-15,0.102831,0.127187,0.135106,0.134876,0.134876,0.135106,0.127187,0.102831,0.102831,0.127187,0.135106,0.134876,0.134876,0.135106,0.127187,0.102831,1.6488E-11,1.64880E-11,1,3.29892E-18,1.64880E-11,2.30924E-17,2.31017E-24,3.8694E-24,7.51E-25
"Risk Neutral CM 1 HIGHRA FSM 2","8.851E-08","0.9783","149","PrecLevel4",2E-07,0.999925,7.5324E-05,0.5,1.507E-11,1.50708E-11,1,7.5324E-05,1.00034E-05,4.5,4,0.592495,0.125001,0.125,0.125,0.124999,0.124999,0.125,0.125,0.125001,1,1,0.0625007,0.0625007,,,1.50708E-11,,,,,2.11076E-17,2.1116E-24,4.22E-24,0.0777262,9.99992,9.99996,19.9999,0.000115324,1000,1000,6.02833E-12,3.956E-12,0,3.9561E-12,1.03848E-12,0,0.000105321,0.000105321,4E-05,6.53206E-05,0,6.53206E-05,0,1.5071E-11,0.0625004,2.11076E-17,2.1116E-24,4.2232E-24,0,0,0,0.102831,0.127187,0.135106,0.134876,0.134876,0.135106,0.127187,0.102831,0.102831,0.127187,0.135106,0.134876,0.134876,0.135106,0.127187,0.102831,1.5071E-11,1.50708E-11,1,3.01537E-18,1.50708E-11,2.11076E-17,2.1116E-24,3.895E-24,3.283E-25
"Risk Neutral CM 1 HIGHRA FSM 2","8.851E-08","0.9783","149","PrecLevel5",2E-07,0.999931,6.9399E-05,0.5,1.389E-11,1.38854E-11,1,6.9399E-05,1.00084E-05,4.5,5,0.467059,0.125001,0.125,0.125,0.124999,0.124999,0.125,0.125,0.125001,1,1,0.0625007,0.0625007,,,1.38853E-11,,,,,1.94473E-17,1.94551E-24,3.89E-24,0.0271674,9.99993,9.99995,19.9999,0.000119399,1000,1000,5.55414E-12,3.645E-12,0,3.6449E-12,9.56794E-13,0,0.000109391,0.000109391,5E-05,5.93906E-05,0,5.93906E-05,0,1.3885E-11,0.0625004,1.94473E-17,1.94551E-24,3.89101E-24,0,0,0,0.102831,0.127187,0.135106,0.134876,0.134876,0.135106,0.127187,0.102831,0.102831,0.127187,0.135106,0.134876,0.134876,0.135106,0.127187,0.102831,1.3885E-11,1.38854E-11,1,2.77818E-18,1.38853E-11,1.94473E-17,1.94551E-24,3.7853E-24,1.057E-25
"Risk Neutral CM 1 HIGHRA FSM 2","8.851E-08","0.9783","149","PrecLevel6",2E-07,0.999935,6.47284E-05,0.5,1.295E-11,1.29509E-11,1,6.47284E-05,1.00157E-05,4.5,6,0.326009,0.125001,0.125,0.125,0.124999,0.124999,0.125,0.125,0.125001,1,1,0.0625007,0.0625007,,,1.29508E-11,,,,,1.81385E-17,1.81457E-24,3.63E-24,0.0057142,9.99994,9.99994,19.9999,0.000124728,1000,1000,5.18035E-12,3.4E-12,0,3.3996E-12,8.92402E-13,0,0.000114713,0.000114713,6E-05,5.47128E-05,0,5.47128E-05,0,1.2951E-11,0.0625004,1.81385E-17,1.81457E-24,3.62914E-24,0,0,-1.37937E-15,0.102831,0.127187,0.135106,0.134876,0.134876,0.135106,0.127187,0.102831,0.102831,0.127187,0.135106,0.134876,0.134876,0.135106,0.127187,0.102831,1.2951E-11,1.29509E-11,1,2.59121E-18,1.29508E-11,1.81385E-17,1.81457E-24,3.6084E-24,2.074E-26
"Risk Neutral CM 1 HIGHRA FSM 2","8.851E-08","0.9783","149","PrecLevel7",2E-07,0.999939,6.14683E-05,0.5,1.23E-11,1.22986E-11,1,6.14683E-05,1.00243E-05,4.5,7,0.146885,0.125001,0.125,0.125,0.124999,0.125,0.125,0.125,0.125001,1,1,0.0625007,0.0625007,,,1.22986E-11,,,,,1.72249E-17,1.72318E-24,3.45E-24,0.0003958,9.99994,9.99993,19.9999,0.000131468,1000,1000,4.91944E-12,3.228E-12,0,3.2284E-12,8.47455E-13,0,0.000121444,0.000121444,7E-05,5.14441E-05,0,5.14441E-05,0,1.2299E-11,0.0625004,1.72249E-17,1.72318E-24,3.44636E-24,0,0,0,0.102831,0.127187,0.135106,0.134876,0.134876,0.135106,0.127187,0.102831,0.102831,0.127187,0.135106,0.134876,0.134876,0.135106,0.127187,0.102831,1.2299E-11,1.22986E-11,1,2.46070E-18,1.22986E-11,1.72249E-17,1.72318E-24,3.4450E-24,1.364E-27
"Risk Neutral CM 1 HIGHRA FSM 2","8.851E-08","0.9783","149","Rounds1",2E-11,0,1,0.492902,1,1,1,1,0.100194,4.44321,1,0.914383,0.140777,0.130232,0.121814,0.117766,0.116583,0.118169,0.123735,0.130923,1,1,0.0625009,0.0625008,,,0.999999,,,,,1.40056E-06,7.27534E-08,2.95E-13,0.402589,8.8625,9.73749,18.6,1.40001,999.686,999.994,0.4,0.164633,0.424092,0.588725,0.0432163,0.482404,0.899816,1.29982,1E-05,0.899806,0.33443,0.565376,0,0.999999,0.0625004,1.40056E-06,7.27534E-08,2.9478E-13,0.372828,0,-3.61440E-13,0.105951,0.130281,0.137221,0.135519,0.133985,0.132893,0.124203,0.0999478,0.105951,0.130281,0.137221,0.135519,0.133985,0.132893,0.124203,0.0999478,1,1,0,0,0.999999,1.40056E-06,7.27534E-08,1.7611E-13,1.187E-13
"Risk Neutral CM 1 HIGHRA FSM 2","8.851E-08","0.9783","149","PrePrimary1",0,,,,,,,,,,,,,,,,,,,,,,,,,,,,,,,,,,,,,,,,,,,,,,,,,,,,,,,,,,,,,,,,,,,,,,,,,,,,,,,,,,,,,,
"Risk Neutral CM 1 HIGHRA FSM 2","8.851E-08","0.9783","149","PrePrimary2",0,,,,,,,,,,,,,,,,,,,,,,,,,,,,,,,,,,,,,,,,,,,,,,,,,,,,,,,,,,,,,,,,,,,,,,,,,,,,,,,,,,,,,,
"Risk Neutral CM 1 HIGHRA FSM 2","8.851E-08","0.9783","149","PrePrimary3",0,,,,,,,,,,,,,,,,,,,,,,,,,,,,,,,,,,,,,,,,,,,,,,,,,,,,,,,,,,,,,,,,,,,,,,,,,,,,,,,,,,,,,,
"Risk Neutral CM 1 HIGHRA FSM 2","8.851E-08","0.9783","149","PrePrimary4",0,,,,,,,,,,,,,,,,,,,,,,,,,,,,,,,,,,,,,,,,,,,,,,,,,,,,,,,,,,,,,,,,,,,,,,,,,,,,,,,,,,,,,,
"Risk Neutral CM 1 HIGHRA FSM 2","8.851E-08","0.9783","149","PrePrimary5",0,,,,,,,,,,,,,,,,,,,,,,,,,,,,,,,,,,,,,,,,,,,,,,,,,,,,,,,,,,,,,,,,,,,,,,,,,,,,,,,,,,,,,,
"Risk Neutral CM 1 HIGHRA FSM 2","8.851E-08","0.9783","149","PrePrimary6",0,,,,,,,,,,,,,,,,,,,,,,,,,,,,,,,,,,,,,,,,,,,,,,,,,,,,,,,,,,,,,,,,,,,,,,,,,,,,,,,,,,,,,,
"Risk Neutral CM 1 HIGHRA FSM 2","8.851E-08","0.9783","149","PrePrimary7",0,,,,,,,,,,,,,,,,,,,,,,,,,,,,,,,,,,,,,,,,,,,,,,,,,,,,,,,,,,,,,,,,,,,,,,,,,,,,,,,,,,,,,,
"Risk Neutral CM 1 HIGHRA FSM 2","8.851E-08","0.9783","149","PrePrimary8",0,,,,,,,,,,,,,,,,,,,,,,,,,,,,,,,,,,,,,,,,,,,,,,,,,,,,,,,,,,,,,,,,,,,,,,,,,,,,,,,,,,,,,,
"Risk Neutral CM 1 HIGHRA FSM 2","8.851E-08","0.9783","149","PrePrimary9",0,,,,,,,,,,,,,,,,,,,,,,,,,,,,,,,,,,,,,,,,,,,,,,,,,,,,,,,,,,,,,,,,,,,,,,,,,,,,,,,,,,,,,,
"Risk Neutral CM 1 HIGHRA FSM 2","8.851E-08","0.9783","149","PrePrimary10",0,,,,,,,,,,,,,,,,,,,,,,,,,,,,,,,,,,,,,,,,,,,,,,,,,,,,,,,,,,,,,,,,,,,,,,,,,,,,,,,,,,,,,,
"Risk Neutral CM 1 HIGHRA FSM 2","8.851E-08","0.9783","149","Truly Liable",3.7E-5,0,1,0.816776,4.9578E-7,2.0008E-07,1,1,0.102992,7.03421,1,1.18335,0,0,0,0,6.94796E-08,0.316953,0.331883,0.351163,1,1,0.0625009,0.0625009,,,2.0008E-07,,,,,2.80224E-13,1.07222E-14,5.82E-20,0.621443,9,9.99999,19,1.00001,999.82,1000,1.09602E-07,2.146E-15,1,1,0,1,0.897018,0.897018,1E-05,0.897008,0.897008,0,0,2.0008E-07,0.0625005,2.80224E-13,1.07222E-14,5.82125E-20,1,0,0,0.0005332,0.00387815,0.0188769,0.0624148,0.14335,0.235111,0.282738,0.253097,0.0005332,0.00387815,0.0188769,0.0624148,0.14335,0.235111,0.282738,0.253097,4.95777E-7,2.0008E-07,1,2.95697E-07,2.0008E-07,2.80224E-13,1.07222E-14,2.2037E-20,3.618E-20
"Risk Neutral CM 1 HIGHRA FSM 2","8.851E-08","0.9783","149","Truly Not Liable",6.3E-5,0,1,0.300371,3.7595E-7,2.0008E-07,1,1,0.0985305,2.90297,1,0.754495,0.224463,0.20765,0.194228,0.187772,0.185887,1.55539E-07,1.20455E-07,8.77833E-08,1,1,0.0625008,0.0625008,,,2.0008E-07,,,,,2.80224E-13,1.68359E-14,5.94E-20,0.275166,9,9.99999,19,1.00001,999.82,1000,9.76193E-08,2.2839E-7,0,2.28394E-7,1.8966E-07,0,0.901479,0.90148,1E-05,0.901469,0,0.901469,0,2.0008E-07,0.0625004,2.80224E-13,1.68359E-14,5.94357E-20,0,0,-3.86884E-14,0.168617,0.205422,0.207572,0.178976,0.128417,0.0721287,0.0299599,0.00890681,0.168617,0.205422,0.207572,0.178976,0.128417,0.0721287,0.0299599,0.00890681,3.75953E-7,2.0008E-07,1,1.75873E-07,2.0008E-07,2.80224E-13,1.68359E-14,4.3081E-20,1.635E-20
"Risk Neutral CM 1 HIGHRA FSM 2","8.851E-08","0.9783","149","Liability Strength1",0.125,0.999888,0.000112385,0.0625,4.63E-11,2.24860E-11,1,0.000112385,1.08155E-05,1,1,0.532697,1,0,0,0,0,0,0,0,1,1,0.0625009,0.0625008,,,2.24860E-11,,,,,3.1493E-17,1.91505E-18,6.68E-24,0.153384,9.99989,9.99999,19.9999,0.000122385,1000,1000,1.13756E-11,2.971E-11,0,2.9715E-11,2.53614E-11,0,0.00011157,0.00011157,1.00002E-05,0.00010157,0,0.00010157,0,2.2486E-11,0.0625004,3.1493E-17,1.91505E-18,6.68429E-24,0,0,0.936693,0.224525,0.243922,0.207842,0.146448,0.0898697,0.0498804,0.0255095,0.0120029,0.394013,0.326145,0.184955,0.0718392,0.019103,0.00347585,0.000432501,3.67798E-05,4.6298E-11,2.24860E-11,1,2.38119E-11,2.24860E-11,3.1493E-17,1.91505E-18,5.6590E-24,1.025E-24
"Risk Neutral CM 1 HIGHRA FSM 2","8.851E-08","0.9783","149","Liability Strength2",0.125,0.999896,0.000103968,0.1875,4.315E-11,2.08019E-11,1,0.000103968,1.01356E-05,2,1,0.654322,0,1,0,0,0,0,0,0,1,1,0.0625009,0.0625008,,,2.08019E-11,,,,,2.91343E-17,2.15827E-18,6.26E-24,0.194342,9.9999,9.99999,19.9999,0.000113968,1000,1000,1.05557E-11,2.781E-11,0,2.781E-11,2.37831E-11,0,0.000103833,0.000103833,1.00002E-05,9.38325E-05,0,9.38325E-05,0,2.0802E-11,0.0625004,2.91343E-17,2.15827E-18,6.26102E-24,0,0,0.708276,0.194116,0.219716,0.199292,0.153453,0.105571,0.0669766,0.0395237,0.0213505,0.24594,0.29712,0.245942,0.139472,0.0541729,0.0144053,0.00262108,0.000326142,4.3152E-11,2.08019E-11,1,2.23497E-11,2.08019E-11,2.91343E-17,2.15827E-18,5.0442E-24,1.217E-24
"Risk Neutral CM 1 HIGHRA FSM 2","8.851E-08","0.9783","149","Liability Strength3",0.125,0.999903,9.72481E-05,0.3125,4.064E-11,1.94574E-11,1,9.72481E-05,9.59787E-06,3,1,0.770904,0,0,1,0,0,0,0,0,1,1,0.0625009,0.0625008,,,1.94574E-11,,,,,2.72512E-17,2.26891E-18,5.91E-24,0.262168,9.9999,9.99999,19.9999,0.000107248,1000,1000,9.90168E-12,2.629E-11,0,2.6295E-11,2.25279E-11,0,9.76504E-05,9.76505E-05,1.00002E-05,8.76502E-05,0,8.76502E-05,0,1.9457E-11,0.0625004,2.72512E-17,2.26891E-18,5.90639E-24,0,0,0.437033,0.153945,0.184877,0.182933,0.158249,0.125175,0.0924003,0.0633459,0.0390745,0.122435,0.215899,0.260828,0.215901,0.122436,0.0475556,0.0126456,0.00230091,4.0645E-11,1.94574E-11,1,2.11872E-11,1.94574E-11,2.72512E-17,2.26891E-18,4.3579E-24,1.548E-24
"Risk Neutral CM 1 HIGHRA FSM 2","8.851E-08","0.9783","149","Liability Strength4",0.125,0.999906,9.40162E-05,0.4375,3.952E-11,1.88108E-11,1,9.40162E-05,9.38785E-06,4,1,0.882223,0,0,0,1,0,0,0,0,1,1,0.0625009,0.0625008,,,1.88107E-11,,,,,2.63456E-17,2.08731E-18,5.69E-24,0.35632,9.99991,9.99999,19.9999,0.000104016,1000,1000,9.5952E-12,2.565E-11,0,2.5647E-11,2.20051E-11,0,9.46286E-05,9.46286E-05,1.00002E-05,8.46284E-05,0,8.46284E-05,0,1.8811E-11,0.0625004,2.63456E-17,2.08731E-18,5.68885E-24,0,0,0.146656,0.109092,0.141947,0.157033,0.156101,0.144142,0.12449,0.0986529,0.0685429,0.0454962,0.117134,0.206552,0.249536,0.206553,0.117134,0.0454964,0.0120981,3.952E-11,1.88108E-11,1,2.07089E-11,1.88107E-11,2.63456E-17,2.08731E-18,3.6618E-24,2.027E-24
"Risk Neutral CM 1 HIGHRA FSM 2","8.851E-08","0.9783","149","Liability Strength5",0.125,0.999907,9.30722E-05,0.5625,3.93E-11,1.86219E-11,1,9.30722E-05,9.39639E-06,5,1,0.988052,0,0,0,0,1,0,0,0,1,1,0.0625009,0.0625008,,,1.86219E-11,,,,,2.6081E-17,1.57236E-18,5.53E-24,0.461462,9.99991,9.99999,19.9999,0.000103072,1000,1000,9.51675E-12,4.888E-12,2.068E-12,6.9563E-12,1.28317E-12,2.06805E-13,9.3676E-05,9.3676E-05,1.00002E-05,8.36758E-05,1.88002E-11,8.36758E-05,0,1.8622E-11,0.0625004,2.6081E-17,1.57236E-18,5.53289E-24,2.22193E-07,0,-0.146652,0.0685427,0.0986528,0.12449,0.144142,0.156101,0.157033,0.141947,0.109092,0.0120981,0.0454965,0.117134,0.206553,0.249536,0.206552,0.117134,0.0454962,3.9302E-11,1.86219E-11,1,2.06800E-11,1.86219E-11,2.6081E-17,1.57236E-18,2.9797E-24,2.553E-24
"Risk Neutral CM 1 HIGHRA FSM 2","8.851E-08","0.9783","149","Liability Strength6",0.125,0.999906,9.43382E-05,0.6875,4.001E-11,1.88752E-11,1,9.43382E-05,9.62281E-06,6,1,1.08816,0,0,0,0,0,1,0,0,1,1,0.0625009,0.0625008,,,1.88752E-11,,,,,2.64358E-17,9.46947E-19,5.48E-24,0.558035,9.99991,9.99999,19.9999,0.000104338,1000,1000,9.6639E-12,0,9.4338E-5,9.43381E-5,0,9.43381E-05,9.47157E-05,9.47157E-05,1.00002E-05,8.47154E-05,8.47154E-05,6.627840000000001E-11,0,1.8875E-11,0.0625005,2.64358E-17,9.46947E-19,5.47874E-24,0.999999,0,-0.437031,0.0390745,0.0633459,0.0924003,0.125175,0.158249,0.182933,0.184877,0.153945,0.00230091,0.0126457,0.0475556,0.122436,0.215901,0.260828,0.215899,0.122435,4.0013E-11,1.88752E-11,1,2.11382E-11,1.88752E-11,2.64358E-17,9.46947E-19,2.4214E-24,3.057E-24
"Risk Neutral CM 1 HIGHRA FSM 2","8.851E-08","0.9783","149","Liability Strength7",0.125,0.999901,9.87814E-05,0.8125,4.21E-11,1.97642E-11,1,9.87814E-05,1.01728E-05,7,1,1.18231,0,0,0,0,0,0,1,0,1,1,0.0625008,0.0625008,,,1.97642E-11,,,,,2.76809E-17,4.70288E-19,5.63E-24,0.629706,9.9999,9.99999,19.9999,0.000108782,1000,1000,1.01394E-11,0,9.8781E-5,9.87813E-5,0,9.87813E-05,9.86088E-05,9.86088E-05,1.00002E-05,8.86086E-05,8.86085E-05,5.0009700000000005E-11,0,1.9764E-11,0.0625005,2.76809E-17,4.70288E-19,5.63249E-24,0.999999,0,-0.708277,0.0213505,0.0395238,0.0669767,0.105572,0.153453,0.199292,0.219716,0.194116,0.000326143,0.00262108,0.0144053,0.0541729,0.139472,0.245942,0.29712,0.24594,4.2102E-11,1.97642E-11,1,2.23377E-11,1.97642E-11,2.76809E-17,4.70288E-19,2.0857E-24,3.547E-24
"Risk Neutral CM 1 HIGHRA FSM 2","8.851E-08","0.9783","149","Liability Strength8",0.125,0.999895,0.000104519,0.9375,4.477E-11,2.09122E-11,1,0.000104519,1.08588E-05,8,1,1.27025,0,0,0,0,0,0,0,1,1,1,0.0625008,0.0625008,,,2.09122E-11,,,,,2.92887E-17,2.0176E-19,5.90E-24,0.674695,9.9999,9.99999,19.9999,0.000114519,1000,1000,1.07504E-11,0,0.0001045,0.00010452,0,0.000104519,0.000103661,0.000103661,1.00002E-05,9.36603E-05,9.36603E-05,3.51081E-11,0,2.0912E-11,0.0625005,2.92887E-17,2.0176E-19,5.90046E-24,1,0,-0.936698,0.0120029,0.0255096,0.0498806,0.0898702,0.146449,0.207842,0.243922,0.224524,3.678E-05,0.000432503,0.00347585,0.0191031,0.0718393,0.184955,0.326145,0.394013,4.4767E-11,2.09122E-11,1,2.38552E-11,2.09122E-11,2.92887E-17,2.0176E-19,1.9194E-24,3.981E-24
"Risk Neutral CM 1 HIGHRA FSM 2","8.851E-08","0.9783","149","PLiabilitySignal1",0.1028,0.999897,0.000102818,0.292085,4.258E-11,2.05719E-11,1,0.000102818,9.98653E-06,2.83668,1,0.744267,0.272932,0.235965,0.187132,0.132609,0.083319,0.0474982,0.0259534,0.0145907,1,1,0.0625008,0.0625008,,,2.05719E-11,,,,,2.88121E-17,8.22760E-19,5.93E-24,0.176105,9.9999,9.99999,19.9999,0.000112819,1000,1000,1.04296E-11,2.713E-11,1.9291E-7,1.92942E-7,2.31572E-11,1.92915E-07,0.000102832,0.000102832,1.00002E-05,9.28318E-05,1.73212E-07,9.26586E-05,0,2.0572E-11,0.0625005,2.88121E-17,8.22760E-19,5.92935E-24,0.00187627,0,-1.50627,1,0,0,0,0,0,0,0,0.283165,0.284353,0.214217,0.12544,0.0593233,0.0234005,0.00784805,0.00225338,4.258E-11,2.05719E-11,1,2.20086E-11,2.05719E-11,2.88121E-17,8.22760E-19,4.8852E-24,1.044E-24
"Risk Neutral CM 1 HIGHRA FSM 2","8.851E-08","0.9783","149","PLiabilitySignal2",0.1272,0.999898,0.000102218,0.32569,4.246E-11,2.04519E-11,1,0.000102218,9.98552E-06,3.10552,1,0.773458,0.23973,0.215939,0.181698,0.139505,0.0969559,0.0622565,0.0388443,0.0250712,1,1,0.0625009,0.0625008,,,2.04518E-11,,,,,2.86440E-17,1.73264E-18,6.08E-24,0.214125,9.9999,9.99999,19.9999,0.000112219,1000,1000,1.03816E-11,2.626E-11,1.1344E-6,1.13447E-6,2.23452E-11,1.13444E-06,0.000102233,0.000102233,1.00002E-05,9.22329E-05,1.0185E-06,9.12144E-05,0,2.0452E-11,0.0625004,2.86440E-17,1.73264E-18,6.07776E-24,0.0110982,0,-0.837045,0,1,0,0,0,0,0,0,0.2299,0.252798,0.216092,0.149198,0.0859312,0.0420859,0.01765,0.00634518,4.246E-11,2.04519E-11,1,2.20086E-11,2.04518E-11,2.86440E-17,1.73264E-18,4.7764E-24,1.301E-24
"Risk Neutral CM 1 HIGHRA FSM 2","8.851E-08","0.9783","149","PLiabilitySignal3",0.1351,0.999899,0.000101354,0.380218,4.229E-11,2.02788E-11,1,0.000101354,9.98837E-06,3.54174,1,0.820445,0.192297,0.184386,0.169249,0.145286,0.115177,0.0854885,0.061967,0.0461499,1,1,0.0625009,0.0625008,,,2.02788E-11,,,,,2.84017E-17,3.14975E-18,6.31E-24,0.277803,9.9999,9.99999,19.9999,0.000111354,1000,1000,1.03124E-11,2.37E-11,5.1982E-6,5.19827E-6,1.99713E-11,5.19825E-06,0.000101366,0.000101366,1.00002E-05,9.13653E-05,4.66645E-06,8.66989E-05,0,2.0279E-11,0.0625004,2.84017E-17,3.14975E-18,6.31282E-24,0.0512882,0,-0.36328,0,0,1,0,0,0,0,0,0.163043,0.203426,0.205016,0.172371,0.123246,0.0754669,0.0396191,0.0178105,4.2287E-11,2.02788E-11,1,2.20086E-11,2.02788E-11,2.84017E-17,3.14975E-18,4.5591E-24,1.754E-24
"Risk Neutral CM 1 HIGHRA FSM 2","8.851E-08","0.9783","149","PLiabilitySignal4",0.1349,0.9999,0.000100267,0.456752,4.207E-11,2.00614E-11,1,0.000100267,9.99524E-06,4.15402,1,0.885753,0.135726,0.142217,0.146661,0.144669,0.133586,0.116009,0.0978413,0.0832902,1,1,0.0625009,0.0625008,,,2.00613E-11,,,,,2.80971E-17,3.64293E-18,6.35E-24,0.365364,9.9999,9.99999,19.9999,0.000110267,1000,1000,1.02254E-11,1.835E-11,1.7217E-5,1.72168E-5,1.51347E-11,1.72168E-05,0.000100272,0.000100272,1.00002E-05,9.02715E-05,1.54529E-05,7.48186E-05,0,2.0061E-11,0.0625004,2.80971E-17,3.64293E-18,6.35055E-24,0.17171,0,-0.0910439,0,0,0,1,0,0,0,0,0.0956372,0.140692,0.172665,0.180209,0.16108,0.123456,0.0810322,0.0452287,4.207E-11,2.00614E-11,1,2.20086E-11,2.00613E-11,2.80971E-17,3.64293E-18,4.0303E-24,2.32E-24
"Risk Neutral CM 1 HIGHRA FSM 2","8.851E-08","0.9783","149","PLiabilitySignal5",0.1349,0.999901,9.91316E-05,0.543248,4.184E-11,1.98342E-11,1,9.91316E-05,1.00032E-05,4.84599,1,0.958754,0.0832898,0.0978412,0.116009,0.133587,0.144669,0.146661,0.142217,0.135726,1,1,0.0625009,0.0625008,,,1.98342E-11,,,,,2.7779E-17,1.71075E-18,5.90E-24,0.457692,9.9999,9.99999,19.9999,0.000109132,1000,1000,1.01346E-11,1.116E-11,3.9542E-5,3.95425E-5,8.85416E-12,3.95425E-05,9.91286E-05,9.91286E-05,1.00002E-05,8.91283E-05,3.54836E-05,5.36448E-05,0,1.9834E-11,0.0625004,2.7779E-17,1.71075E-18,5.90031E-24,0.398889,0,0.0910439,0,0,0,0,1,0,0,0,0.0452287,0.0810322,0.123456,0.16108,0.180209,0.172665,0.140692,0.0956372,4.1843E-11,1.98342E-11,1,2.20086E-11,1.98342E-11,2.7779E-17,1.71075E-18,3.1998E-24,2.701E-24
"Risk Neutral CM 1 HIGHRA FSM 2","8.851E-08","0.9783","149","PLiabilitySignal6",0.1351,0.999902,9.81567E-05,0.619782,4.165E-11,1.96392E-11,1,9.81567E-05,1.00089E-05,5.45826,1,1.02263,0.0461497,0.0619669,0.0854885,0.115177,0.145286,0.169249,0.184386,0.192297,1,1,0.0625008,0.0625008,,,1.96392E-11,,,,,2.75058E-17,8.83627E-24,5.50E-24,0.539802,9.9999,9.99999,19.9999,0.000108157,1000,1000,1.00565E-11,5.125E-12,6.4744E-5,6.47439E-5,3.83042E-12,6.47439E-05,9.8148E-05,9.81481E-05,1.00002E-05,8.81478E-05,5.80831E-05,3.00647E-05,0,1.9639E-11,0.0625005,2.75058E-17,8.83627E-24,5.50337E-24,0.659598,0,0.36328,0,0,0,0,0,1,0,0,0.0178105,0.0396191,0.0754669,0.123246,0.172371,0.205016,0.203426,0.163043,4.1648E-11,1.96392E-11,1,2.20086E-11,1.96392E-11,2.75058E-17,8.83627E-24,2.5326E-24,2.971E-24
"Risk Neutral CM 1 HIGHRA FSM 2","8.851E-08","0.9783","149","PLiabilitySignal7",0.1272,0.999903,9.74498E-05,0.67431,4.151E-11,1.94977E-11,1,9.74498E-05,1.00105E-05,5.89448,1,1.06768,0.0250711,0.0388442,0.0622565,0.0969561,0.139506,0.181698,0.215939,0.23973,1,1,0.0625008,0.0625008,,,1.94977E-11,,,,,2.73077E-17,8.79043E-24,5.46E-24,0.604832,9.9999,9.99999,19.9999,0.00010745,1000,1000,9.99996E-12,1.833E-12,8.2707E-5,8.27071E-5,1.26167E-12,8.27071E-05,9.74395E-05,9.74395E-05,1.00002E-05,8.74393E-05,7.4178E-05,1.32613E-05,0,1.9498E-11,0.0625005,2.73077E-17,8.79043E-24,5.46374E-24,0.848715,0,0.837045,0,0,0,0,0,0,1,0,0.00634518,0.01765,0.0420859,0.0859312,0.149198,0.216092,0.252798,0.2299,4.1506E-11,1.94977E-11,1,2.20086E-11,1.94977E-11,2.73077E-17,8.79043E-24,2.1591E-24,3.305E-24
"Risk Neutral CM 1 HIGHRA FSM 2","8.851E-08","0.9783","149","PLiabilitySignal8",0.1028,0.999903,9.6993E-05,0.707915,4.141E-11,1.94064E-11,1,9.6993E-05,1.00091E-05,6.16332,1,1.09521,0.0145907,0.0259534,0.0474982,0.0833192,0.13261,0.187133,0.235965,0.272931,1,1,0.0625008,0.0625008,,,1.94063E-11,,,,,2.71798E-17,8.7587E-24,5.44E-24,0.645205,9.9999,9.99999,19.9999,0.000106993,1000,1000,9.96341E-12,5.508E-13,9.1572E-5,9.15721E-5,3.40828E-13,9.15721E-05,9.69842E-05,9.69842E-05,1.00002E-05,8.6984E-05,8.21087E-05,4.87526E-06,0,1.9406E-11,0.0625005,2.71798E-17,8.7587E-24,5.43813E-24,0.94411,0,1.50627,0,0,0,0,0,0,0,1,0.00225338,0.00784805,0.0234005,0.0593233,0.12544,0.214217,0.284353,0.283165,4.1415E-11,1.94064E-11,1,2.20086E-11,1.94063E-11,2.71798E-17,8.7587E-24,1.9294E-24,3.509E-24
"Risk Neutral CM 1 HIGHRA FSM 2","8.851E-08","0.9783","149","DLiabilitySignal1",0.1028,0.999897,0.000102818,0.167254,4.258E-11,2.05719E-11,1,0.000102818,9.98653E-06,1.83803,1,0.632381,0.47896,0.298962,0.148829,0.0553042,0.0147062,0.00279694,0.000396456,4.47096E-05,1,1,0.0625009,0.0625008,,,2.05719E-11,,,,,2.88121E-17,1.9656E-18,6.16E-24,0.179935,9.9999,9.99999,19.9999,0.000112819,1000,1000,1.04296E-11,2.713E-11,1.9291E-7,1.92942E-7,2.31572E-11,1.92915E-07,0.000102832,0.000102832,1.00002E-05,9.28318E-05,1.73212E-07,9.26586E-05,0,2.0572E-11,0.0625004,2.88121E-17,1.9656E-18,6.15801E-24,0.00187627,0,1.50627,0.283165,0.284353,0.214217,0.12544,0.0593233,0.0234005,0.00784805,0.00225338,1,0,0,0,0,0,0,0,4.258E-11,2.05719E-11,1,2.20086E-11,2.05719E-11,2.88121E-17,1.9656E-18,5.05E-24,1.108E-24
"Risk Neutral CM 1 HIGHRA FSM 2","8.851E-08","0.9783","149","DLiabilitySignal2",0.1272,0.999898,0.000102218,0.227646,4.246E-11,2.04519E-11,1,0.000102218,9.98552E-06,2.32117,1,0.688245,0.32054,0.292012,0.212186,0.115119,0.0447139,0.0124282,0.00257602,0.00042507,1,1,0.0625009,0.0625008,,,2.04518E-11,,,,,2.86440E-17,2.00578E-18,6.13E-24,0.215027,9.9999,9.99999,19.9999,0.000112219,1000,1000,1.03816E-11,2.626E-11,1.1344E-6,1.13447E-6,2.23452E-11,1.13444E-06,0.000102233,0.000102233,1.00002E-05,9.22329E-05,1.0185E-06,9.12144E-05,0,2.0452E-11,0.0625004,2.86440E-17,2.00578E-18,6.13241E-24,0.0110982,0,0.837045,0.2299,0.252798,0.216092,0.149198,0.0859312,0.0420859,0.01765,0.00634518,0,1,0,0,0,0,0,0,4.246E-11,2.04519E-11,1,2.20086E-11,2.04518E-11,2.86440E-17,2.00578E-18,4.8138E-24,1.319E-24
"Risk Neutral CM 1 HIGHRA FSM 2","8.851E-08","0.9783","149","DLiabilitySignal3",0.1351,0.999899,0.000101354,0.31743,4.229E-11,2.02788E-11,1,0.000101354,9.98837E-06,3.03944,1,0.769467,0.171122,0.227546,0.241317,0.191101,0.108372,0.0439983,0.0133278,0.00321589,1,1,0.0625009,0.0625008,,,2.02788E-11,,,,,2.84017E-17,1.97911E-18,6.08E-24,0.272967,9.9999,9.99999,19.9999,0.000111354,1000,1000,1.03124E-11,2.37E-11,5.1982E-6,5.19827E-6,1.99713E-11,5.19825E-06,0.000101366,0.000101366,1.00002E-05,9.13653E-05,4.66645E-06,8.66989E-05,0,2.0279E-11,0.0625004,2.84017E-17,1.97911E-18,6.07860E-24,0.0512882,0,0.36328,0.163043,0.203426,0.205016,0.172371,0.123246,0.0754669,0.0396191,0.0178105,0,0,1,0,0,0,0,0,4.2287E-11,2.02788E-11,1,2.20086E-11,2.02788E-11,2.84017E-17,1.97911E-18,4.4193E-24,1.659E-24
"Risk Neutral CM 1 HIGHRA FSM 2","8.851E-08","0.9783","149","DLiabilitySignal4",0.1349,0.9999,0.000100267,0.435182,4.207E-11,2.00614E-11,1,0.000100267,9.99524E-06,3.98146,1,0.872781,0.0665794,0.12926,0.200091,0.231262,0.191427,0.11347,0.0502063,0.0177044,1,1,0.0625009,0.0625008,,,2.00613E-11,,,,,2.80971E-17,1.80609E-18,5.98E-24,0.356189,9.9999,9.99999,19.9999,0.000110267,1000,1000,1.02254E-11,1.835E-11,1.7217E-5,1.72168E-5,1.51347E-11,1.72168E-05,0.000100272,0.000100272,1.00002E-05,9.02715E-05,1.54529E-05,7.48186E-05,0,2.0061E-11,0.0625004,2.80971E-17,1.80609E-18,5.98303E-24,0.17171,0,0.0910439,0.0956372,0.140692,0.172665,0.180209,0.16108,0.123456,0.0810322,0.0452287,0,0,0,1,0,0,0,0,4.207E-11,2.00614E-11,1,2.20086E-11,2.00613E-11,2.80971E-17,1.80609E-18,3.8519E-24,2.131E-24
"Risk Neutral CM 1 HIGHRA FSM 2","8.851E-08","0.9783","149","DLiabilitySignal5",0.1349,0.999901,9.91316E-05,0.564818,4.184E-11,1.98342E-11,1,9.91316E-05,1.00032E-05,5.01855,1,0.982265,0.0177044,0.0502062,0.11347,0.191427,0.231262,0.200091,0.12926,0.0665794,1,1,0.0625009,0.0625008,,,1.98342E-11,,,,,2.7779E-17,1.46802E-18,5.85E-24,0.453086,9.9999,9.99999,19.9999,0.000109132,1000,1000,1.01346E-11,1.116E-11,3.9542E-5,3.95425E-5,8.85416E-12,3.95425E-05,9.91286E-05,9.91286E-05,1.00002E-05,8.91283E-05,3.54836E-05,5.36448E-05,0,1.9834E-11,0.0625004,2.7779E-17,1.46802E-18,5.85175E-24,0.398889,0,-0.0910439,0.0452287,0.0810322,0.123456,0.16108,0.180209,0.172665,0.140692,0.0956372,0,0,0,0,1,0,0,0,4.1843E-11,1.98342E-11,1,2.20086E-11,1.98342E-11,2.7779E-17,1.46802E-18,3.2004E-24,2.651E-24
"Risk Neutral CM 1 HIGHRA FSM 2","8.851E-08","0.9783","149","DLiabilitySignal6",0.1351,0.999902,9.81567E-05,0.68257,4.165E-11,1.96392E-11,1,9.81567E-05,1.00089E-05,5.96056,1,1.07777,0.00321588,0.0133278,0.0439983,0.108372,0.191101,0.241317,0.227546,0.171122,1,1,0.0625009,0.0625008,,,1.96392E-11,,,,,2.75058E-17,1.06953E-18,5.72E-24,0.541563,9.9999,9.99999,19.9999,0.000108157,1000,1000,1.00565E-11,5.125E-12,6.4744E-5,6.47439E-5,3.83042E-12,6.47439E-05,9.8148E-05,9.81481E-05,1.00002E-05,8.81478E-05,5.80831E-05,3.00647E-05,0,1.9639E-11,0.0625005,2.75058E-17,1.06953E-18,5.71736E-24,0.659598,0,-0.36328,0.0178105,0.0396191,0.0754669,0.123246,0.172371,0.205016,0.203426,0.163043,0,0,0,0,0,1,0,0,4.1648E-11,1.96392E-11,1,2.20086E-11,1.96392E-11,2.75058E-17,1.06953E-18,2.6210E-24,3.096E-24
"Risk Neutral CM 1 HIGHRA FSM 2","8.851E-08","0.9783","149","DLiabilitySignal7",0.1272,0.999903,9.74498E-05,0.772354,4.151E-11,1.94977E-11,1,9.74498E-05,1.00105E-05,6.67883,1,1.14799,0.000425068,0.00257601,0.0124282,0.0447139,0.115119,0.212186,0.292012,0.32054,1,1,0.0625009,0.0625008,,,1.94977E-11,,,,,2.73077E-17,7.08735E-19,5.61E-24,0.606117,9.9999,9.99999,19.9999,0.00010745,1000,1000,9.99996E-12,1.833E-12,8.2707E-5,8.27071E-5,1.26167E-12,8.27071E-05,9.74395E-05,9.74395E-05,1.00002E-05,8.74393E-05,7.4178E-05,1.32613E-05,0,1.9498E-11,0.0625005,2.73077E-17,7.08735E-19,5.60554E-24,0.848715,0,-0.837045,0.00634518,0.01765,0.0420859,0.0859312,0.149198,0.216092,0.252798,0.2299,0,0,0,0,0,0,1,0,4.1506E-11,1.94977E-11,1,2.20086E-11,1.94977E-11,2.73077E-17,7.08735E-19,2.2079E-24,3.398E-24
"Risk Neutral CM 1 HIGHRA FSM 2","8.851E-08","0.9783","149","DLiabilitySignal8",0.1028,0.999903,9.6993E-05,0.832746,4.141E-11,1.94064E-11,1,9.6993E-05,1.00091E-05,7.16197,1,1.19387,4.47094E-05,0.000396454,0.00279694,0.0147062,0.0553042,0.148829,0.298962,0.47896,1,1,0.0625008,0.0625008,,,1.94063E-11,,,,,2.71798E-17,5.03212E-19,5.54E-24,0.646403,9.9999,9.99999,19.9999,0.000106993,1000,1000,9.96341E-12,5.508E-13,9.1572E-5,9.15721E-5,3.40828E-13,9.15721E-05,9.69842E-05,9.69842E-05,1.00002E-05,8.6984E-05,8.21087E-05,4.87526E-06,0,1.9406E-11,0.0625005,2.71798E-17,5.03212E-19,5.53881E-24,0.94411,0,-1.50627,0.00225338,0.00784805,0.0234005,0.0593233,0.12544,0.214217,0.284353,0.283165,0,0,0,0,0,0,0,1,4.1415E-11,1.94064E-11,1,2.20086E-11,1.94063E-11,2.71798E-17,5.03212E-19,1.9585E-24,3.580E-24
"Risk Neutral CM 1 HIGHRA FSM 2","8.851E-08","0.9783","149","High Quality",0.125,0.999895,0.000104519,0.9375,4.477E-11,2.09122E-11,1,0.000104519,1.08588E-05,8,1,1.27025,0,0,0,0,0,0,0,1,1,1,0.0625008,0.0625008,,,2.09122E-11,,,,,2.92887E-17,2.0176E-19,5.90E-24,0.674695,9.9999,9.99999,19.9999,0.000114519,1000,1000,1.07504E-11,0,0.0001045,0.00010452,0,0.000104519,0.000103661,0.000103661,1.00002E-05,9.36603E-05,9.36603E-05,3.51081E-11,0,2.0912E-11,0.0625005,2.92887E-17,2.0176E-19,5.90046E-24,1,0,-0.936698,0.0120029,0.0255096,0.0498806,0.0898702,0.146449,0.207842,0.243922,0.224524,3.678E-05,0.000432503,0.00347585,0.0191031,0.0718393,0.184955,0.326145,0.394013,4.4767E-11,2.09122E-11,1,2.38552E-11,2.09122E-11,2.92887E-17,2.0176E-19,1.9194E-24,3.981E-24
"Risk Neutral CM 1 HIGHRA FSM 2","8.851E-08","0.9783","149","PLiabilitySignal 1",0.1028,0.999897,0.000102818,0.292085,4.258E-11,2.05719E-11,1,0.000102818,9.98653E-06,2.83668,1,0.744267,0.272932,0.235965,0.187132,0.132609,0.083319,0.0474982,0.0259534,0.0145907,1,1,0.0625008,0.0625008,,,2.05719E-11,,,,,2.88121E-17,8.22760E-19,5.93E-24,0.176105,9.9999,9.99999,19.9999,0.000112819,1000,1000,1.04296E-11,2.713E-11,1.9291E-7,1.92942E-7,2.31572E-11,1.92915E-07,0.000102832,0.000102832,1.00002E-05,9.28318E-05,1.73212E-07,9.26586E-05,0,2.0572E-11,0.0625005,2.88121E-17,8.22760E-19,5.92935E-24,0.00187627,0,-1.50627,1,0,0,0,0,0,0,0,0.283165,0.284353,0.214217,0.12544,0.0593233,0.0234005,0.00784805,0.00225338,4.258E-11,2.05719E-11,1,2.20086E-11,2.05719E-11,2.88121E-17,8.22760E-19,4.8852E-24,1.044E-24
"Risk Neutral CM 1 HIGHRA FSM 2","8.851E-08","0.9783","149","PLiabilitySignal 2",0.1272,0.999898,0.000102218,0.32569,4.246E-11,2.04519E-11,1,0.000102218,9.98552E-06,3.10552,1,0.773458,0.23973,0.215939,0.181698,0.139505,0.0969559,0.0622565,0.0388443,0.0250712,1,1,0.0625009,0.0625008,,,2.04518E-11,,,,,2.86440E-17,1.73264E-18,6.08E-24,0.214125,9.9999,9.99999,19.9999,0.000112219,1000,1000,1.03816E-11,2.626E-11,1.1344E-6,1.13447E-6,2.23452E-11,1.13444E-06,0.000102233,0.000102233,1.00002E-05,9.22329E-05,1.0185E-06,9.12144E-05,0,2.0452E-11,0.0625004,2.86440E-17,1.73264E-18,6.07776E-24,0.0110982,0,-0.837045,0,1,0,0,0,0,0,0,0.2299,0.252798,0.216092,0.149198,0.0859312,0.0420859,0.01765,0.00634518,4.246E-11,2.04519E-11,1,2.20086E-11,2.04518E-11,2.86440E-17,1.73264E-18,4.7764E-24,1.301E-24
"Risk Neutral CM 1 HIGHRA FSM 2","8.851E-08","0.9783","149","PLiabilitySignal 3",0.1351,0.999899,0.000101354,0.380218,4.229E-11,2.02788E-11,1,0.000101354,9.98837E-06,3.54174,1,0.820445,0.192297,0.184386,0.169249,0.145286,0.115177,0.0854885,0.061967,0.0461499,1,1,0.0625009,0.0625008,,,2.02788E-11,,,,,2.84017E-17,3.14975E-18,6.31E-24,0.277803,9.9999,9.99999,19.9999,0.000111354,1000,1000,1.03124E-11,2.37E-11,5.1982E-6,5.19827E-6,1.99713E-11,5.19825E-06,0.000101366,0.000101366,1.00002E-05,9.13653E-05,4.66645E-06,8.66989E-05,0,2.0279E-11,0.0625004,2.84017E-17,3.14975E-18,6.31282E-24,0.0512882,0,-0.36328,0,0,1,0,0,0,0,0,0.163043,0.203426,0.205016,0.172371,0.123246,0.0754669,0.0396191,0.0178105,4.2287E-11,2.02788E-11,1,2.20086E-11,2.02788E-11,2.84017E-17,3.14975E-18,4.5591E-24,1.754E-24
"Risk Neutral CM 1 HIGHRA FSM 2","8.851E-08","0.9783","149","PLiabilitySignal 4",0.1349,0.9999,0.000100267,0.456752,4.207E-11,2.00614E-11,1,0.000100267,9.99524E-06,4.15402,1,0.885753,0.135726,0.142217,0.146661,0.144669,0.133586,0.116009,0.0978413,0.0832902,1,1,0.0625009,0.0625008,,,2.00613E-11,,,,,2.80971E-17,3.64293E-18,6.35E-24,0.365364,9.9999,9.99999,19.9999,0.000110267,1000,1000,1.02254E-11,1.835E-11,1.7217E-5,1.72168E-5,1.51347E-11,1.72168E-05,0.000100272,0.000100272,1.00002E-05,9.02715E-05,1.54529E-05,7.48186E-05,0,2.0061E-11,0.0625004,2.80971E-17,3.64293E-18,6.35055E-24,0.17171,0,-0.0910439,0,0,0,1,0,0,0,0,0.0956372,0.140692,0.172665,0.180209,0.16108,0.123456,0.0810322,0.0452287,4.207E-11,2.00614E-11,1,2.20086E-11,2.00613E-11,2.80971E-17,3.64293E-18,4.0303E-24,2.32E-24
"Risk Neutral CM 1 HIGHRA FSM 2","8.851E-08","0.9783","149","PLiabilitySignal 5",0.1349,0.999901,9.91316E-05,0.543248,4.184E-11,1.98342E-11,1,9.91316E-05,1.00032E-05,4.84599,1,0.958754,0.0832898,0.0978412,0.116009,0.133587,0.144669,0.146661,0.142217,0.135726,1,1,0.0625009,0.0625008,,,1.98342E-11,,,,,2.7779E-17,1.71075E-18,5.90E-24,0.457692,9.9999,9.99999,19.9999,0.000109132,1000,1000,1.01346E-11,1.116E-11,3.9542E-5,3.95425E-5,8.85416E-12,3.95425E-05,9.91286E-05,9.91286E-05,1.00002E-05,8.91283E-05,3.54836E-05,5.36448E-05,0,1.9834E-11,0.0625004,2.7779E-17,1.71075E-18,5.90031E-24,0.398889,0,0.0910439,0,0,0,0,1,0,0,0,0.0452287,0.0810322,0.123456,0.16108,0.180209,0.172665,0.140692,0.0956372,4.1843E-11,1.98342E-11,1,2.20086E-11,1.98342E-11,2.7779E-17,1.71075E-18,3.1998E-24,2.701E-24
"Risk Neutral CM 1 HIGHRA FSM 2","8.851E-08","0.9783","149","PLiabilitySignal 6",0.1351,0.999902,9.81567E-05,0.619782,4.165E-11,1.96392E-11,1,9.81567E-05,1.00089E-05,5.45826,1,1.02263,0.0461497,0.0619669,0.0854885,0.115177,0.145286,0.169249,0.184386,0.192297,1,1,0.0625008,0.0625008,,,1.96392E-11,,,,,2.75058E-17,8.83627E-24,5.50E-24,0.539802,9.9999,9.99999,19.9999,0.000108157,1000,1000,1.00565E-11,5.125E-12,6.4744E-5,6.47439E-5,3.83042E-12,6.47439E-05,9.8148E-05,9.81481E-05,1.00002E-05,8.81478E-05,5.80831E-05,3.00647E-05,0,1.9639E-11,0.0625005,2.75058E-17,8.83627E-24,5.50337E-24,0.659598,0,0.36328,0,0,0,0,0,1,0,0,0.0178105,0.0396191,0.0754669,0.123246,0.172371,0.205016,0.203426,0.163043,4.1648E-11,1.96392E-11,1,2.20086E-11,1.96392E-11,2.75058E-17,8.83627E-24,2.5326E-24,2.971E-24
"Risk Neutral CM 1 HIGHRA FSM 2","8.851E-08","0.9783","149","PLiabilitySignal 7",0.1272,0.999903,9.74498E-05,0.67431,4.151E-11,1.94977E-11,1,9.74498E-05,1.00105E-05,5.89448,1,1.06768,0.0250711,0.0388442,0.0622565,0.0969561,0.139506,0.181698,0.215939,0.23973,1,1,0.0625008,0.0625008,,,1.94977E-11,,,,,2.73077E-17,8.79043E-24,5.46E-24,0.604832,9.9999,9.99999,19.9999,0.00010745,1000,1000,9.99996E-12,1.833E-12,8.2707E-5,8.27071E-5,1.26167E-12,8.27071E-05,9.74395E-05,9.74395E-05,1.00002E-05,8.74393E-05,7.4178E-05,1.32613E-05,0,1.9498E-11,0.0625005,2.73077E-17,8.79043E-24,5.46374E-24,0.848715,0,0.837045,0,0,0,0,0,0,1,0,0.00634518,0.01765,0.0420859,0.0859312,0.149198,0.216092,0.252798,0.2299,4.1506E-11,1.94977E-11,1,2.20086E-11,1.94977E-11,2.73077E-17,8.79043E-24,2.1591E-24,3.305E-24
"Risk Neutral CM 1 HIGHRA FSM 2","8.851E-08","0.9783","149","PLiabilitySignal 8",0.1028,0.999903,9.6993E-05,0.707915,4.141E-11,1.94064E-11,1,9.6993E-05,1.00091E-05,6.16332,1,1.09521,0.0145907,0.0259534,0.0474982,0.0833192,0.13261,0.187133,0.235965,0.272931,1,1,0.0625008,0.0625008,,,1.94063E-11,,,,,2.71798E-17,8.7587E-24,5.44E-24,0.645205,9.9999,9.99999,19.9999,0.000106993,1000,1000,9.96341E-12,5.508E-13,9.1572E-5,9.15721E-5,3.40828E-13,9.15721E-05,9.69842E-05,9.69842E-05,1.00002E-05,8.6984E-05,8.21087E-05,4.87526E-06,0,1.9406E-11,0.0625005,2.71798E-17,8.7587E-24,5.43813E-24,0.94411,0,1.50627,0,0,0,0,0,0,0,1,0.00225338,0.00784805,0.0234005,0.0593233,0.12544,0.214217,0.284353,0.283165,4.1415E-11,1.94064E-11,1,2.20086E-11,1.94063E-11,2.71798E-17,8.7587E-24,1.9294E-24,3.509E-24
"Risk Neutral CM 1 HIGHRA FSM 2","8.851E-08","0.9783","149","DLiabilitySignal 1",0.1028,0.999897,0.000102818,0.167254,4.258E-11,2.05719E-11,1,0.000102818,9.98653E-06,1.83803,1,0.632381,0.47896,0.298962,0.148829,0.0553042,0.0147062,0.00279694,0.000396456,4.47096E-05,1,1,0.0625009,0.0625008,,,2.05719E-11,,,,,2.88121E-17,1.9656E-18,6.16E-24,0.179935,9.9999,9.99999,19.9999,0.000112819,1000,1000,1.04296E-11,2.713E-11,1.9291E-7,1.92942E-7,2.31572E-11,1.92915E-07,0.000102832,0.000102832,1.00002E-05,9.28318E-05,1.73212E-07,9.26586E-05,0,2.0572E-11,0.0625004,2.88121E-17,1.9656E-18,6.15801E-24,0.00187627,0,1.50627,0.283165,0.284353,0.214217,0.12544,0.0593233,0.0234005,0.00784805,0.00225338,1,0,0,0,0,0,0,0,4.258E-11,2.05719E-11,1,2.20086E-11,2.05719E-11,2.88121E-17,1.9656E-18,5.05E-24,1.108E-24
"Risk Neutral CM 1 HIGHRA FSM 2","8.851E-08","0.9783","149","DLiabilitySignal 2",0.1272,0.999898,0.000102218,0.227646,4.246E-11,2.04519E-11,1,0.000102218,9.98552E-06,2.32117,1,0.688245,0.32054,0.292012,0.212186,0.115119,0.0447139,0.0124282,0.00257602,0.00042507,1,1,0.0625009,0.0625008,,,2.04518E-11,,,,,2.86440E-17,2.00578E-18,6.13E-24,0.215027,9.9999,9.99999,19.9999,0.000112219,1000,1000,1.03816E-11,2.626E-11,1.1344E-6,1.13447E-6,2.23452E-11,1.13444E-06,0.000102233,0.000102233,1.00002E-05,9.22329E-05,1.0185E-06,9.12144E-05,0,2.0452E-11,0.0625004,2.86440E-17,2.00578E-18,6.13241E-24,0.0110982,0,0.837045,0.2299,0.252798,0.216092,0.149198,0.0859312,0.0420859,0.01765,0.00634518,0,1,0,0,0,0,0,0,4.246E-11,2.04519E-11,1,2.20086E-11,2.04518E-11,2.86440E-17,2.00578E-18,4.8138E-24,1.319E-24
"Risk Neutral CM 1 HIGHRA FSM 2","8.851E-08","0.9783","149","DLiabilitySignal 3",0.1351,0.999899,0.000101354,0.31743,4.229E-11,2.02788E-11,1,0.000101354,9.98837E-06,3.03944,1,0.769467,0.171122,0.227546,0.241317,0.191101,0.108372,0.0439983,0.0133278,0.00321589,1,1,0.0625009,0.0625008,,,2.02788E-11,,,,,2.84017E-17,1.97911E-18,6.08E-24,0.272967,9.9999,9.99999,19.9999,0.000111354,1000,1000,1.03124E-11,2.37E-11,5.1982E-6,5.19827E-6,1.99713E-11,5.19825E-06,0.000101366,0.000101366,1.00002E-05,9.13653E-05,4.66645E-06,8.66989E-05,0,2.0279E-11,0.0625004,2.84017E-17,1.97911E-18,6.07860E-24,0.0512882,0,0.36328,0.163043,0.203426,0.205016,0.172371,0.123246,0.0754669,0.0396191,0.0178105,0,0,1,0,0,0,0,0,4.2287E-11,2.02788E-11,1,2.20086E-11,2.02788E-11,2.84017E-17,1.97911E-18,4.4193E-24,1.659E-24
"Risk Neutral CM 1 HIGHRA FSM 2","8.851E-08","0.9783","149","DLiabilitySignal 4",0.1349,0.9999,0.000100267,0.435182,4.207E-11,2.00614E-11,1,0.000100267,9.99524E-06,3.98146,1,0.872781,0.0665794,0.12926,0.200091,0.231262,0.191427,0.11347,0.0502063,0.0177044,1,1,0.0625009,0.0625008,,,2.00613E-11,,,,,2.80971E-17,1.80609E-18,5.98E-24,0.356189,9.9999,9.99999,19.9999,0.000110267,1000,1000,1.02254E-11,1.835E-11,1.7217E-5,1.72168E-5,1.51347E-11,1.72168E-05,0.000100272,0.000100272,1.00002E-05,9.02715E-05,1.54529E-05,7.48186E-05,0,2.0061E-11,0.0625004,2.80971E-17,1.80609E-18,5.98303E-24,0.17171,0,0.0910439,0.0956372,0.140692,0.172665,0.180209,0.16108,0.123456,0.0810322,0.0452287,0,0,0,1,0,0,0,0,4.207E-11,2.00614E-11,1,2.20086E-11,2.00613E-11,2.80971E-17,1.80609E-18,3.8519E-24,2.131E-24
"Risk Neutral CM 1 HIGHRA FSM 2","8.851E-08","0.9783","149","DLiabilitySignal 5",0.1349,0.999901,9.91316E-05,0.564818,4.184E-11,1.98342E-11,1,9.91316E-05,1.00032E-05,5.01855,1,0.982265,0.0177044,0.0502062,0.11347,0.191427,0.231262,0.200091,0.12926,0.0665794,1,1,0.0625009,0.0625008,,,1.98342E-11,,,,,2.7779E-17,1.46802E-18,5.85E-24,0.453086,9.9999,9.99999,19.9999,0.000109132,1000,1000,1.01346E-11,1.116E-11,3.9542E-5,3.95425E-5,8.85416E-12,3.95425E-05,9.91286E-05,9.91286E-05,1.00002E-05,8.91283E-05,3.54836E-05,5.36448E-05,0,1.9834E-11,0.0625004,2.7779E-17,1.46802E-18,5.85175E-24,0.398889,0,-0.0910439,0.0452287,0.0810322,0.123456,0.16108,0.180209,0.172665,0.140692,0.0956372,0,0,0,0,1,0,0,0,4.1843E-11,1.98342E-11,1,2.20086E-11,1.98342E-11,2.7779E-17,1.46802E-18,3.2004E-24,2.651E-24
"Risk Neutral CM 1 HIGHRA FSM 2","8.851E-08","0.9783","149","DLiabilitySignal 6",0.1351,0.999902,9.81567E-05,0.68257,4.165E-11,1.96392E-11,1,9.81567E-05,1.00089E-05,5.96056,1,1.07777,0.00321588,0.0133278,0.0439983,0.108372,0.191101,0.241317,0.227546,0.171122,1,1,0.0625009,0.0625008,,,1.96392E-11,,,,,2.75058E-17,1.06953E-18,5.72E-24,0.541563,9.9999,9.99999,19.9999,0.000108157,1000,1000,1.00565E-11,5.125E-12,6.4744E-5,6.47439E-5,3.83042E-12,6.47439E-05,9.8148E-05,9.81481E-05,1.00002E-05,8.81478E-05,5.80831E-05,3.00647E-05,0,1.9639E-11,0.0625005,2.75058E-17,1.06953E-18,5.71736E-24,0.659598,0,-0.36328,0.0178105,0.0396191,0.0754669,0.123246,0.172371,0.205016,0.203426,0.163043,0,0,0,0,0,1,0,0,4.1648E-11,1.96392E-11,1,2.20086E-11,1.96392E-11,2.75058E-17,1.06953E-18,2.6210E-24,3.096E-24
"Risk Neutral CM 1 HIGHRA FSM 2","8.851E-08","0.9783","149","DLiabilitySignal 7",0.1272,0.999903,9.74498E-05,0.772354,4.151E-11,1.94977E-11,1,9.74498E-05,1.00105E-05,6.67883,1,1.14799,0.000425068,0.00257601,0.0124282,0.0447139,0.115119,0.212186,0.292012,0.32054,1,1,0.0625009,0.0625008,,,1.94977E-11,,,,,2.73077E-17,7.08735E-19,5.61E-24,0.606117,9.9999,9.99999,19.9999,0.00010745,1000,1000,9.99996E-12,1.833E-12,8.2707E-5,8.27071E-5,1.26167E-12,8.27071E-05,9.74395E-05,9.74395E-05,1.00002E-05,8.74393E-05,7.4178E-05,1.32613E-05,0,1.9498E-11,0.0625005,2.73077E-17,7.08735E-19,5.60554E-24,0.848715,0,-0.837045,0.00634518,0.01765,0.0420859,0.0859312,0.149198,0.216092,0.252798,0.2299,0,0,0,0,0,0,1,0,4.1506E-11,1.94977E-11,1,2.20086E-11,1.94977E-11,2.73077E-17,7.08735E-19,2.2079E-24,3.398E-24
"Risk Neutral CM 1 HIGHRA FSM 2","8.851E-08","0.9783","149","DLiabilitySignal 8",0.1028,0.999903,9.6993E-05,0.832746,4.141E-11,1.94064E-11,1,9.6993E-05,1.00091E-05,7.16197,1,1.19387,4.47094E-05,0.000396454,0.00279694,0.0147062,0.0553042,0.148829,0.298962,0.47896,1,1,0.0625008,0.0625008,,,1.94063E-11,,,,,2.71798E-17,5.03212E-19,5.54E-24,0.646403,9.9999,9.99999,19.9999,0.000106993,1000,1000,9.96341E-12,5.508E-13,9.1572E-5,9.15721E-5,3.40828E-13,9.15721E-05,9.69842E-05,9.69842E-05,1.00002E-05,8.6984E-05,8.21087E-05,4.87526E-06,0,1.9406E-11,0.0625005,2.71798E-17,5.03212E-19,5.53881E-24,0.94411,0,-1.50627,0.00225338,0.00784805,0.0234005,0.0593233,0.12544,0.214217,0.284353,0.283165,0,0,0,0,0,0,0,1,4.1415E-11,1.94064E-11,1,2.20086E-11,1.94063E-11,2.71798E-17,5.03212E-19,1.9585E-24,3.580E-24
"Risk Neutral CM 1 HIGHRA FSM 2","8.851E-08","0.9783","149","PDoesntFile",1,0.9999,9.9791E-05,0.5,0,0,1,9.9791E-05,9.99846E-06,4.5,1,0.921114,0.125001,0.125,0.124999,0.124999,0.124999,0.125,0.125,0.125001,1,1,,,,,0,,,,,0,0,0,,9.9999,9.99999,19.9999,0.000109791,1000,1000,0,0,3.7205E-5,3.72049E-5,0,3.72049E-05,9.97928E-05,9.97928E-05,1.00002E-05,8.97926E-05,3.33731E-05,5.64195E-05,0,0,,0,0,0,0.372828,0,0,0.102831,0.127187,0.135106,0.134876,0.134876,0.135106,0.127187,0.102831,0.102831,0.127187,0.135106,0.134876,0.134876,0.135106,0.127187,0.102831,0,0,1,0,0,0,0,0,0
"Risk Neutral CM 1 HIGHRA FSM 2","8.851E-08","0.9783","149","P Files",4E-11,0,1,0.496636,1,0.475671,1,1,0.0953213,4.47309,0.475673,0.969652,0.137875,0.128505,0.121038,0.117688,0.117039,0.119159,0.125379,0.133317,1,1,0.0625009,0.0625008,,,0.47567,,,,,6.66205E-07,3.46067E-08,1.4E-13,0.402589,9.40649,9.3508,18.7573,1.24271,999.85,999.903,0.242701,0.340545,0.227938,0.568483,0.282791,0.232087,0.904683,1.14738,4.75673E-06,0.904679,0.397349,0.50733,0,0.47567,0.0625004,6.66205E-07,3.46067E-08,1.40219E-13,0.439438,0,-3.17347E-13,0.104315,0.128658,0.136112,0.135182,0.134452,0.134053,0.125767,0.10146,0.104315,0.128658,0.136112,0.135182,0.134452,0.134053,0.125767,0.10146,1,0.475671,0,0.524329,0.47567,6.66205E-07,3.46067E-08,8.3768E-14,5.645E-14
"Risk Neutral CM 1 HIGHRA FSM 2","8.851E-08","0.9783","149","DDoesntAnswer",2E-11,0,1,0.500024,1,0,1,1,0.0909008,4.50019,1.81513E-07,1.01979,0.135243,0.126938,0.120334,0.117617,0.117453,0.120056,0.126869,0.135489,1,1,,,,,0,,,,,0,0,0,,9.9,9,18.9,1.1,999.998,999.82,0.1,0.500133,0.0499867,0.550119,0.500133,0.00499867,0.909099,1.0091,1.81513E-12,0.909099,0.454429,0.45467,0,0,,0,0,0,0.499867,0,-1.20694E-14,0.102831,0.127187,0.135106,0.134876,0.134876,0.135106,0.127187,0.102831,0.102831,0.127187,0.135106,0.134876,0.134876,0.135106,0.127187,0.102831,1,0,0,1,0,0,0,0,0
"Risk Neutral CM 1 HIGHRA FSM 2","8.851E-08","0.9783","149","D Answers",2E-11,0,1,0.492902,1,1,1,1,0.100194,4.44321,1,0.914383,0.140777,0.130232,0.121814,0.117766,0.116583,0.118169,0.123735,0.130923,1,1,0.0625009,0.0625008,,,0.999999,,,,,1.40056E-06,7.27534E-08,2.95E-13,0.402589,8.8625,9.73749,18.6,1.40001,999.686,999.994,0.4,0.164633,0.424092,0.588725,0.0432163,0.482404,0.899816,1.29982,1E-05,0.899806,0.33443,0.565376,0,0.999999,0.0625004,1.40056E-06,7.27534E-08,2.9478E-13,0.372828,0,-3.61440E-13,0.105951,0.130281,0.137221,0.135519,0.133985,0.132893,0.124203,0.0999478,0.105951,0.130281,0.137221,0.135519,0.133985,0.132893,0.124203,0.0999478,1,1,0,0,0.999999,1.40056E-06,7.27534E-08,1.7611E-13,1.187E-13
"Risk Neutral CM 1 HIGHRA FSM 2","8.851E-08","0.9783","149","Settles1",2E-11,0,1,0.492902,1,1,1,1,0.100194,4.44321,1,0.914383,0.140777,0.130232,0.121814,0.117766,0.116583,0.118169,0.123735,0.130923,1,1,0.0625001,0.0625008,,,1,,,,,0,0,0,,8.8625,9.73749,18.6,1.40001,999.686,999.994,0.4,0.164633,0.424092,0.588725,0.0432163,0.482404,0.899816,1.29982,1E-05,0.899806,0.33443,0.565376,0,1,0.0625004,0,0,0,0.372828,0,2.35287E-08,0.105951,0.130281,0.137221,0.135519,0.133985,0.132893,0.124203,0.0999478,0.105951,0.130281,0.137221,0.135519,0.133985,0.132893,0.124203,0.0999478,1,1,0,0,1,0,0,0,0
"Risk Neutral CM 1 HIGHRA FSM 2","8.851E-08","0.9783","149","DoesntSettle1",3E-17,0,1,0.486635,1,1,1,1,0.099735,4.39308,0.950622,0.914024,0.141963,0.132973,0.12544,0.12082,0.117508,0.116358,0.119624,0.125316,1,1,0.579969,0.0934999,,,0,,,,,0.950619,0.0493809,2.001E-7,0.402589,8.84938,9.75061,18.6,1.40001,999.615,999.976,0.4,0.164936,0.428013,0.592949,0.0759712,0.510903,0.900274,1.30027,9.50622E-06,0.900265,0.330244,0.570021,0,0,,0.950619,0.0493809,2.0008E-07,0.367978,0,-0.01597,0.103595,0.131339,0.144912,0.14553,0.135212,0.126331,0.11807,0.0950123,0.10759,0.13252,0.139535,0.137108,0.134099,0.131243,0.121134,0.0967714,1,1,0,0,0,0.950619,0.0493809,1.1953E-07,8.055E-08
"Risk Neutral CM 1 HIGHRA FSM 2","8.851E-08","0.9783","149","PAbandons1",3E-17,0,1,0.492902,1,1,1,1,0.100194,4.44321,1,0.914383,0.140777,0.130232,0.121814,0.117766,0.116583,0.118169,0.123735,0.130923,1,1,0.5625,0.0625002,,,0,,,,,1,0,0,,8.8,9.79999,18.6,1.40001,999.596,999.996,0.4,0.125434,0.447394,0.572828,0.0250869,0.536872,0.899816,1.29982,1E-05,0.899806,0.33443,0.565376,0,0,,1,0,1.05237E-07,0.372828,0,-1.57414E-08,0.105951,0.130281,0.137221,0.135519,0.133985,0.132893,0.124203,0.0999478,0.105951,0.130281,0.137221,0.135519,0.133985,0.132893,0.124203,0.0999478,1,1,0,0,0,1,0,0,0
"Risk Neutral CM 1 HIGHRA FSM 2","8.851E-08","0.9783","149","PDoesntAbandon1",1E-18,0,1,0.366007,1,1,1,1,0.0909009,3.42806,5.77753E-06,0.907114,0.164795,0.185724,0.195243,0.179615,0.135304,0.0814865,0.0404696,0.0173624,1,1,0.916253,0.690266,,,0,,,,,0,0.999996,4.052E-6,0.402589,9.8,8.8,18.6,1.4,999.996,999.596,0.400001,0.925377,0.0549251,0.980302,1.05553,0.0109869,0.909099,1.3091,5.77753E-11,0.909099,0.249658,0.659441,0,0,,0,0.999996,2.02588E-06,0.274622,0,-0.323404,0.0582439,0.151705,0.292955,0.338248,0.158845,1.33371E-06,1.24805E-06,1.005E-06,0.139146,0.175621,0.184075,0.167697,0.136307,0.0994758,0.0620553,0.0356229,1,1,0,0,0,0,0.999996,2.42056E-6,1.6312E-6
"Risk Neutral CM 1 HIGHRA FSM 2","8.851E-08","0.9783","149","DDefaults1",1E-18,0,1,0.366007,1,1,1,1,0.0909008,3.42806,1.92585E-06,0.907114,0.164795,0.185724,0.195243,0.179616,0.135304,0.0814864,0.0404693,0.017362,1,1,0.916254,0.690268,,,0,,,,,0,1,0,,9.8,8.8,18.6,1.4,999.996,999.596,0.4,0.925379,0.0549243,0.980303,1.05553,0.0109849,0.909099,1.3091,1.92585E-11,0.909099,0.249658,0.659441,0,0,,0,1,2.02589E-06,0.274621,0,-0.323405,0.0582437,0.151705,0.292955,0.338249,0.158845,8.21854E-07,7.69668E-07,6.20033E-07,0.139146,0.175621,0.184075,0.167697,0.136307,0.0994757,0.0620551,0.0356227,1,1,0,0,0,0,1,0,0
"Risk Neutral CM 1 HIGHRA FSM 2","8.851E-08","0.9783","149","DDoesntDefault1",6E-24,0,1,0.486635,1,1,1,1,0.099735,4.39308,0.950622,0.914024,0.141963,0.132973,0.12544,0.12082,0.117508,0.116358,0.119624,0.125316,1,1,0.579969,0.0934999,,,0,,,,,0,0,1,0.402589,8.98569,9.4143,18.4,1.60001,995.997,997.303,0.6,0.536241,0.264672,0.800913,0.813048,0.502876,0.900274,1.50027,9.50622E-06,0.900265,0.330244,0.570021,0,0,,0,0,0,0.367978,0,-0.01597,0.103595,0.131339,0.144912,0.14553,0.135212,0.126331,0.11807,0.0950123,0.10759,0.13252,0.139535,0.137108,0.134099,0.131243,0.121134,0.0967714,1,1,0,0,0,0,0,0.597411,0.402589
"Risk Neutral CM 1 HIGHRA FSM 2","8.851E-08","0.9783","149","POrDQuits1",3E-17,0,1,0.486635,1,1,1,1,0.099735,4.39308,0.950622,0.914024,0.141963,0.132973,0.12544,0.12082,0.117508,0.116358,0.119624,0.125316,1,1,0.579969,0.0934999,,,0,,,,,0.950619,0.0493809,0,,8.84938,9.75061,18.6,1.40001,999.615,999.976,0.4,0.164936,0.428013,0.592949,0.0759711,0.510903,0.900274,1.30027,9.50622E-06,0.900265,0.330244,0.570021,0,0,,0.950619,0.0493809,2.0008E-07,0.367978,0,-0.01597,0.103595,0.131339,0.144912,0.14553,0.135212,0.126331,0.11807,0.0950123,0.10759,0.13252,0.139535,0.137108,0.134099,0.131243,0.121134,0.0967714,1,1,0,0,0,0.950619,0.0493809,0,0
"Risk Neutral CM 1 HIGHRA FSM 2","8.851E-08","0.9783","149","P Loses",4E-24,0,1,0.394545,1,1,1,1,0.0989698,3.65636,0.952777,0.835892,0.201181,0.179324,0.154925,0.130177,0.105927,0.0860815,0.0741464,0.0682374,1,1,0.579195,0.0920911,,,0,,,,,0,0,1,0,8.1,10.3,18.4,1.60001,993.298,1000,0.6,0,0.443031,0.443031,0,0.841759,0.90104,1.50104,9.52777E-06,0.90103,0.209279,0.691751,0,0,,0,0,0,0.233174,0,-0.00372344,0.142868,0.172772,0.175181,0.154598,0.122741,0.097315,0.0780992,0.0564266,0.147688,0.174125,0.16981,0.147757,0.122765,0.100712,0.0798656,0.0572773,1,1,0,0,0,0,0,1,0
"Risk Neutral CM 1 HIGHRA FSM 2","8.851E-08","0.9783","149","P Wins",2E-24,0,1,0.62329,1,1,1,1,0.100871,5.48632,0.947424,1.02997,0.054087,0.0641901,0.0816873,0.106934,0.134692,0.161286,0.187109,0.210016,1,1,0.581117,0.0955906,,,0,,,,,0,0,1,1,10.3,8.09999,18.4,1.60001,1000,993.298,0.6,1.33198,0,1.33198,2.01955,0,0.899139,1.49914,9.47424E-06,0.899129,0.509746,0.389384,0,0,,0,0,0,0.568018,0,-0.0341431,0.0453157,0.069855,0.0999951,0.132074,0.153719,0.169388,0.177383,0.152271,0.0480867,0.07078,0.094609,0.121306,0.15092,0.176548,0.182373,0.155378,1,1,0,0,0,0,0,0,1
