0.999999799919952,2.0008004803363615E-07,2.0008004803363615E-07,2.0008004803363615E-07,2.0008004803363615E-07,2.0008004803363615E-07,2.0008004803363615E-07,0.9999985994396638,2.0008004803363615E-07,2.0008004803363615E-07,0.999999799919952,2.0008004803363615E-07,0.999999799919952,2.0008004803363615E-07,2.0008004803363615E-07,2.0008004803363615E-07,2.0008004803363615E-07,2.0008004803363615E-07,0.9999985994396638,2.0008004803363615E-07,2.0008004803363615E-07,2.0008004803363615E-07,2.0008004803363615E-07,2.0008004803363615E-07,2.0008004803363615E-07,2.0008004803363615E-07,0.9999985994396638,2.0008004803363615E-07,2.0008004803363615E-07,2.0008004803363615E-07,2.0008004803363615E-07,0.999999799919952,2.0008004803363615E-07,0.999999799919952,2.0008004803363615E-07,0.999999799919952,2.0008004803363615E-07,0.999999799919952,2.0008004803363615E-07,0.999999799919952,2.0008004803363615E-07,0.999999799919952,2.0008004803363615E-07,0.999999799919952,2.0008004803363615E-07,0.999999799919952,2.0008004803363615E-07,0.999999799919952,2.0008004803363615E-07,0.999999799919952,2.0008004803363615E-07,0.999999799919952,2.0008004803363615E-07,0.999999799919952,2.0008004803363615E-07,0.999999799919952,2.0008004803363615E-07,0.999999799919952,2.0008004803363615E-07,0.999999799919952,2.0008004803363615E-07,0.999999799919952,2.0008004803363615E-07,0.999999799919952,2.0008004803363615E-07,0.999999799919952,2.0008004803363615E-07,0.999999799919952,2.0008004803363615E-07,0.999999799919952,2.0008004803363615E-07,0.999999799919952,2.0008004803363615E-07,0.999999799919952,2.0008004803363615E-07,0.999999799919952,2.0008004803363615E-07,0.999999799919952,2.0008004803363615E-07,0.999999799919952,2.0008004803363615E-07,0.999999799919952,2.0008004803363615E-07,0.999999799919952,2.0008004803363615E-07,0.999999799919952,2.0008004803363615E-07,0.999999799919952,2.0008004803363615E-07,0.999999799919952,2.0008004803363615E-07,0.999999799919952,2.0008004803363615E-07,0.999999799919952,2.0008004803363615E-07,0.999999799919952,2.0008004803363615E-07,0.999999799919952,2.0008004803363615E-07,0.999999799919952,2.0008004803363615E-07,0.999999799919952,2.0008004803363615E-07,0.999999799919952,2.0008004803363615E-07,0.999999799919952,2.0008004803363615E-07,0.999999799919952,2.0008004803363615E-07,0.999999799919952,2.0008004803363615E-07,0.999999799919952,2.0008004803363615E-07,0.999999799919952,2.0008004803363615E-07,0.999999799919952,2.0008004803363615E-07,0.999999799919952,2.0008004803363615E-07,0.999999799919952,2.0008004803363615E-07,0.999999799919952,2.0008004803363615E-07,0.999999799919952,2.0008004803363615E-07,0.999999799919952,2.0008004803363615E-07,0.999999799919952,2.0008004803363615E-07,0.999999799919952,2.0008004803363615E-07,0.999999799919952,2.0008004803363615E-07,0.999999799919952,2.0008004803363615E-07,0.999999799919952,2.0008004803363615E-07,0.999999799919952,2.0008004803363615E-07,0.999999799919952,2.0008004803363615E-07,0.999999799919952,0.999999799919952,2.0008004803363615E-07,2.0008004803363615E-07,2.0008004803363615E-07,2.0008004803363615E-07,2.0008004803363615E-07,0.9999985994396638,2.0008004803363615E-07,2.0008004803363615E-07,2.0008004803363615E-07,2.0008004803363615E-07,0.999999799919952,2.0008004803363615E-07,0.999999799919952,2.0008004803363615E-07,0.999999799919952,2.0008004803363615E-07,0.999999799919952,2.0008004803363615E-07,0.999999799919952,2.0008004803363615E-07,0.999999799919952,2.0008004803363615E-07,0.999999799919952,2.0008004803363615E-07,0.999999799919952,2.0008004803363615E-07,0.999999799919952,2.0008004803363615E-07,0.999999799919952,2.0008004803363615E-07,0.999999799919952,2.0008004803363615E-07,0.999999799919952,2.0008004803363615E-07,0.999999799919952,2.0008004803363615E-07,0.999999799919952,2.0008004803363615E-07,0.999999799919952,2.0008004803363615E-07,0.999999799919952,2.0008004803363615E-07,0.999999799919952,2.0008004803363615E-07,0.999999799919952,2.0008004803363615E-07,0.999999799919952,2.0008004803363615E-07,0.999999799919952,2.0008004803363615E-07,0.999999799919952,2.0008004803363615E-07,0.999999799919952,2.0008004803363615E-07,0.999999799919952,2.0008004803363615E-07,0.999999799919952,2.0008004803363615E-07,0.999999799919952,2.0008004803363615E-07,0.999999799919952,2.0008004803363615E-07,0.999999799919952,2.0008004803363615E-07,0.999999799919952,0.999999799919952,2.0008004803363615E-07,2.0008004803363615E-07,2.0008004803363615E-07,2.0008004803363615E-07,2.0008004803363615E-07,0.9999985994396638,2.0008004803363615E-07,2.0008004803363615E-07,2.0008004803363615E-07,2.0008004803363615E-07,0.999999799919952,2.0008004803363615E-07,0.999999799919952,2.0008004803363615E-07,0.999999799919952,2.0008004803363615E-07,0.999999799919952,2.0008004803363615E-07,0.999999799919952,2.0008004803363615E-07,0.999999799919952,2.0008004803363615E-07,0.999999799919952,2.0008004803363615E-07,0.999999799919952,2.0008004803363615E-07,0.999999799919952,2.0008004803363615E-07,0.999999799919952,2.0008004803363615E-07,0.999999799919952,2.0008004803363615E-07,0.999999799919952,2.0008004803363615E-07,0.999999799919952,2.0008004803363615E-07,0.999999799919952,2.0008004803363615E-07,0.999999799919952,2.0008004803363615E-07,0.999999799919952,2.0008004803363615E-07,0.999999799919952,2.0008004803363615E-07,0.999999799919952,2.0008004803363615E-07,0.999999799919952,2.0008004803363615E-07,0.999999799919952,2.0008004803363615E-07,0.999999799919952,2.0008004803363615E-07,0.999999799919952,2.0008004803363615E-07,0.999999799919952,2.0008004803363615E-07,0.999999799919952,2.0008004803363615E-07,0.999999799919952,2.0008004803363615E-07,0.999999799919952,2.0008004803363615E-07,0.999999799919952,2.0008004803363615E-07,0.999999799919952,0.999999799919952,2.0008004803363615E-07,2.0008004803363615E-07,2.0008004803363615E-07,2.0008004803363615E-07,2.0008004803363615E-07,0.9999985994396638,2.0008004803363615E-07,2.0008004803363615E-07,2.0008004803363615E-07,2.0008004803363615E-07,0.999999799919952,2.0008004803363615E-07,0.999999799919952,2.0008004803363615E-07,0.999999799919952,2.0008004803363615E-07,0.999999799919952,2.0008004803363615E-07,0.999999799919952,2.0008004803363615E-07,0.999999799919952,2.0008004803363615E-07,0.999999799919952,2.0008004803363615E-07,0.999999799919952,2.0008004803363615E-07,0.999999799919952,2.0008004803363615E-07,0.999999799919952,2.0008004803363615E-07,0.999999799919952,2.0008004803363615E-07,0.999999799919952,2.0008004803363615E-07,0.999999799919952,2.0008004803363615E-07,0.999999799919952,2.0008004803363615E-07,0.999999799919952,2.0008004803363615E-07,0.999999799919952,2.0008004803363615E-07,0.999999799919952,2.0008004803363615E-07,0.999999799919952,2.0008004803363615E-07,0.999999799919952,2.0008004803363615E-07,0.999999799919952,2.0008004803363615E-07,0.999999799919952,2.0008004803363615E-07,0.999999799919952,2.0008004803363615E-07,0.999999799919952,2.0008004803363615E-07,0.999999799919952,2.0008004803363615E-07,0.999999799919952,2.0008004803363615E-07,0.999999799919952,2.0008004803363615E-07,0.999999799919952,2.0008004803363615E-07,0.999999799919952,0.999999799919952,2.0008004803363615E-07,2.0008004803363615E-07,2.0008004803363615E-07,2.0008004803363615E-07,2.0008004803363615E-07,0.9999985994396638,2.0008004803363615E-07,2.0008004803363615E-07,2.0008004803363615E-07,2.0008004803363615E-07,0.999999799919952,2.0008004803363615E-07,0.999999799919952,2.0008004803363615E-07,0.999999799919952,2.0008004803363615E-07,0.999999799919952,2.0008004803363615E-07,0.999999799919952,2.0008004803363615E-07,0.999999799919952,2.0008004803363615E-07,0.999999799919952,2.0008004803363615E-07,0.999999799919952,2.0008004803363615E-07,0.999999799919952,2.0008004803363615E-07,0.999999799919952,2.0008004803363615E-07,0.999999799919952,2.0008004803363615E-07,0.999999799919952,2.0008004803363615E-07,0.999999799919952,2.0008004803363615E-07,0.999999799919952,2.0008004803363615E-07,0.999999799919952,2.0008004803363615E-07,0.999999799919952,2.0008004803363615E-07,0.999999799919952,2.0008004803363615E-07,0.999999799919952,2.0008004803363615E-07,0.999999799919952,2.0008004803363615E-07,0.999999799919952,2.0008004803363615E-07,0.999999799919952,2.0008004803363615E-07,0.999999799919952,2.0008004803363615E-07,0.999999799919952,2.0008004803363615E-07,0.999999799919952,2.0008004803363615E-07,0.999999799919952,2.0008004803363615E-07,0.999999799919952,2.0008004803363615E-07,0.999999799919952,2.0008004803363615E-07,0.999999799919952,0.999999799919952,2.0008004803363615E-07,2.0008004803363615E-07,2.0008004803363615E-07,2.0008004803363615E-07,2.0008004803363615E-07,2.0008004803363615E-07,2.0008004803363615E-07,2.0008004803363615E-07,0.9999985994396638,2.0008004803363615E-07,0.999999799919952,2.0008004803363615E-07,0.999999799919952,2.0008004803363615E-07,0.999999799919952,2.0008004803363615E-07,0.999999799919952,2.0008004803363615E-07,0.999999799919952,2.0008004803363615E-07,0.999999799919952,2.0008004803363615E-07,0.999999799919952,2.0008004803363615E-07,0.999999799919952,2.0008004803363615E-07,0.999999799919952,2.0008004803363615E-07,0.999999799919952,2.0008004803363615E-07,0.999999799919952,2.0008004803363615E-07,0.999999799919952,2.0008004803363615E-07,0.999999799919952,2.0008004803363615E-07,0.999999799919952,2.0008004803363615E-07,0.999999799919952,2.0008004803363615E-07,0.999999799919952,2.0008004803363615E-07,0.999999799919952,2.0008004803363615E-07,0.999999799919952,2.0008004803363615E-07,0.999999799919952,2.0008004803363615E-07,0.999999799919952,2.0008004803363615E-07,0.999999799919952,2.0008004803363615E-07,0.999999799919952,2.0008004803363615E-07,0.999999799919952,2.0008004803363615E-07,0.999999799919952,2.0008004803363615E-07,0.999999799919952,2.0008004803363615E-07,0.999999799919952,2.0008004803363615E-07,0.999999799919952,2.0008004803363615E-07,0.999999799919952,0.999999799919952,2.0008004803363615E-07,2.0008004803363615E-07,2.0008004803363615E-07,2.0008004803363615E-07,2.0008004803363615E-07,2.0008004803363615E-07,2.0008004803363615E-07,2.0008004803363615E-07,0.9999985994396638,2.0008004803363615E-07,0.999999799919952,2.0008004803363615E-07,0.999999799919952,2.0008004803363615E-07,0.999999799919952,2.0008004803363615E-07,0.999999799919952,2.0008004803363615E-07,0.999999799919952,2.0008004803363615E-07,0.999999799919952,2.0008004803363615E-07,0.999999799919952,2.0008004803363615E-07,0.999999799919952,2.0008004803363615E-07,0.999999799919952,2.0008004803363615E-07,0.999999799919952,2.0008004803363615E-07,0.999999799919952,2.0008004803363615E-07,0.999999799919952,2.0008004803363615E-07,0.999999799919952,2.0008004803363615E-07,0.999999799919952,2.0008004803363615E-07,0.999999799919952,2.0008004803363615E-07,0.999999799919952,2.0008004803363615E-07,0.999999799919952,2.0008004803363615E-07,0.999999799919952,2.0008004803363615E-07,0.999999799919952,2.0008004803363615E-07,0.999999799919952,2.0008004803363615E-07,0.999999799919952,2.0008004803363615E-07,0.999999799919952,2.0008004803363615E-07,0.999999799919952,2.0008004803363615E-07,0.999999799919952,2.0008004803363615E-07,0.999999799919952,2.0008004803363615E-07,0.999999799919952,2.0008004803363615E-07,0.999999799919952,2.0008004803363615E-07,0.999999799919952,0.999999799919952,2.0008004803363615E-07,2.0008004803363615E-07,2.0008004803363615E-07,2.0008004803363615E-07,2.0008004803363615E-07,2.0008004803363615E-07,2.0008004803363615E-07,2.0008004803363615E-07,0.9999985994396638,2.0008004803363615E-07,0.999999799919952,2.0008004803363615E-07,0.999999799919952,2.0008004803363615E-07,0.999999799919952,2.0008004803363615E-07,0.999999799919952,2.0008004803363615E-07,0.999999799919952,2.0008004803363615E-07,0.999999799919952,2.0008004803363615E-07,0.999999799919952,2.0008004803363615E-07,0.999999799919952,2.0008004803363615E-07,0.999999799919952,2.0008004803363615E-07,0.999999799919952,2.0008004803363615E-07,0.999999799919952,2.0008004803363615E-07,0.999999799919952,2.0008004803363615E-07,0.999999799919952,2.0008004803363615E-07,0.999999799919952,2.0008004803363615E-07,0.999999799919952,2.0008004803363615E-07,0.999999799919952,2.0008004803363615E-07,0.999999799919952,2.0008004803363615E-07,0.999999799919952,2.0008004803363615E-07,0.999999799919952,2.0008004803363615E-07,0.999999799919952,2.0008004803363615E-07,0.999999799919952,2.0008004803363615E-07,0.999999799919952,2.0008004803363615E-07,0.999999799919952,2.0008004803363615E-07,0.999999799919952,2.0008004803363615E-07,0.999999799919952,2.0008004803363615E-07,0.999999799919952,2.0008004803363615E-07,0.999999799919952,2.0008004803363615E-07,0.999999799919952,0.999999799919952,2.0008004803363615E-07,0.999999799919952,2.0008004803363615E-07,2.0008004803363615E-07,2.0008004803363615E-07,2.0008004803363615E-07,2.0008004803363615E-07,0.9999985994396638,2.0008004803363615E-07,2.0008004803363615E-07,2.0008004803363615E-07,2.0008004803363615E-07,2.0008004803363615E-07,2.0008004803363615E-07,2.0008004803363615E-07,0.9999985994396638,2.0008004803363615E-07,2.0008004803363615E-07,2.0008004803363615E-07,2.0008004803363615E-07,0.999999799919952,2.0008004803363615E-07,0.999999799919952,2.0008004803363615E-07,0.999999799919952,2.0008004803363615E-07,0.999999799919952,2.0008004803363615E-07,0.999999799919952,2.0008004803363615E-07,0.999999799919952,2.0008004803363615E-07,0.999999799919952,2.0008004803363615E-07,0.999999799919952,2.0008004803363615E-07,0.999999799919952,2.0008004803363615E-07,0.999999799919952,2.0008004803363615E-07,0.999999799919952,2.0008004803363615E-07,0.999999799919952,2.0008004803363615E-07,0.999999799919952,2.0008004803363615E-07,0.999999799919952,2.0008004803363615E-07,0.999999799919952,2.0008004803363615E-07,0.999999799919952,2.0008004803363615E-07,0.999999799919952,2.0008004803363615E-07,0.999999799919952,2.0008004803363615E-07,0.999999799919952,2.0008004803363615E-07,0.999999799919952,2.0008004803363615E-07,0.999999799919952,2.0008004803363615E-07,0.999999799919952,2.0008004803363615E-07,0.999999799919952,2.0008004803363615E-07,0.999999799919952,2.0008004803363615E-07,0.999999799919952,2.0008004803363615E-07,0.999999799919952,2.0008004803363615E-07,0.999999799919952,2.0008004803363615E-07,0.999999799919952,2.0008004803363615E-07,0.999999799919952,2.0008004803363615E-07,0.999999799919952,2.0008004803363615E-07,0.999999799919952,2.0008004803363615E-07,0.999999799919952,2.0008004803363615E-07,0.999999799919952,2.0008004803363615E-07,0.999999799919952,2.0008004803363615E-07,0.999999799919952,2.0008004803363615E-07,0.999999799919952,2.0008004803363615E-07,0.999999799919952,2.0008004803363615E-07,0.999999799919952,2.0008004803363615E-07,0.999999799919952,2.0008004803363615E-07,0.999999799919952,2.0008004803363615E-07,0.999999799919952,2.0008004803363615E-07,0.999999799919952,2.0008004803363615E-07,0.999999799919952,2.0008004803363615E-07,0.999999799919952,2.0008004803363615E-07,0.999999799919952,2.0008004803363615E-07,0.999999799919952,2.0008004803363615E-07,0.999999799919952,2.0008004803363615E-07,0.999999799919952,2.0008004803363615E-07,0.999999799919952,2.0008004803363615E-07,0.999999799919952,2.0008004803363615E-07,0.999999799919952,2.0008004803363615E-07,0.999999799919952,2.0008004803363615E-07,0.999999799919952,2.0008004803363615E-07,0.999999799919952,2.0008004803363615E-07,0.999999799919952,2.0008004803363615E-07,0.999999799919952,0.999999799919952,2.0008004803363615E-07,2.0008004803363615E-07,2.0008004803363615E-07,2.0008004803363615E-07,2.0008004803363615E-07,0.9999985994396638,2.0008004803363615E-07,2.0008004803363615E-07,2.0008004803363615E-07,2.0008004803363615E-07,0.999999799919952,2.0008004803363615E-07,0.999999799919952,2.0008004803363615E-07,0.999999799919952,2.0008004803363615E-07,0.999999799919952,2.0008004803363615E-07,0.999999799919952,2.0008004803363615E-07,0.999999799919952,2.0008004803363615E-07,0.999999799919952,2.0008004803363615E-07,0.999999799919952,2.0008004803363615E-07,0.999999799919952,2.0008004803363615E-07,0.999999799919952,2.0008004803363615E-07,0.999999799919952,2.0008004803363615E-07,0.999999799919952,2.0008004803363615E-07,0.999999799919952,2.0008004803363615E-07,0.999999799919952,2.0008004803363615E-07,0.999999799919952,2.0008004803363615E-07,0.999999799919952,2.0008004803363615E-07,0.999999799919952,2.0008004803363615E-07,0.999999799919952,2.0008004803363615E-07,0.999999799919952,2.0008004803363615E-07,0.999999799919952,2.0008004803363615E-07,0.999999799919952,2.0008004803363615E-07,0.999999799919952,2.0008004803363615E-07,0.999999799919952,2.0008004803363615E-07,0.999999799919952,2.0008004803363615E-07,0.999999799919952,2.0008004803363615E-07,0.999999799919952,2.0008004803363615E-07,0.999999799919952,2.0008004803363615E-07,0.999999799919952,0.999999799919952,2.0008004803363615E-07,2.0008004803363615E-07,2.0008004803363615E-07,2.0008004803363615E-07,2.0008004803363615E-07,0.9999985994396638,2.0008004803363615E-07,2.0008004803363615E-07,2.0008004803363615E-07,2.0008004803363615E-07,0.999999799919952,2.0008004803363615E-07,0.999999799919952,2.0008004803363615E-07,0.999999799919952,2.0008004803363615E-07,0.999999799919952,2.0008004803363615E-07,0.999999799919952,2.0008004803363615E-07,0.999999799919952,2.0008004803363615E-07,0.999999799919952,2.0008004803363615E-07,0.999999799919952,2.0008004803363615E-07,0.999999799919952,2.0008004803363615E-07,0.999999799919952,2.0008004803363615E-07,0.999999799919952,2.0008004803363615E-07,0.999999799919952,2.0008004803363615E-07,0.999999799919952,2.0008004803363615E-07,0.999999799919952,2.0008004803363615E-07,0.999999799919952,2.0008004803363615E-07,0.999999799919952,2.0008004803363615E-07,0.999999799919952,2.0008004803363615E-07,0.999999799919952,2.0008004803363615E-07,0.999999799919952,2.0008004803363615E-07,0.999999799919952,2.0008004803363615E-07,0.999999799919952,2.0008004803363615E-07,0.999999799919952,2.0008004803363615E-07,0.999999799919952,2.0008004803363615E-07,0.999999799919952,2.0008004803363615E-07,0.999999799919952,2.0008004803363615E-07,0.999999799919952,2.0008004803363615E-07,0.999999799919952,2.0008004803363615E-07,0.999999799919952,0.999999799919952,2.0008004803363615E-07,2.0008004803363615E-07,2.0008004803363615E-07,2.0008004803363615E-07,2.0008004803363615E-07,0.9999985994396638,2.0008004803363615E-07,2.0008004803363615E-07,2.0008004803363615E-07,2.0008004803363615E-07,0.999999799919952,2.0008004803363615E-07,0.999999799919952,2.0008004803363615E-07,0.999999799919952,2.0008004803363615E-07,0.999999799919952,2.0008004803363615E-07,0.999999799919952,2.0008004803363615E-07,0.999999799919952,2.0008004803363615E-07,0.999999799919952,2.0008004803363615E-07,0.999999799919952,2.0008004803363615E-07,0.999999799919952,2.0008004803363615E-07,0.999999799919952,2.0008004803363615E-07,0.999999799919952,2.0008004803363615E-07,0.999999799919952,2.0008004803363615E-07,0.999999799919952,2.0008004803363615E-07,0.999999799919952,2.0008004803363615E-07,0.999999799919952,2.0008004803363615E-07,0.999999799919952,2.0008004803363615E-07,0.999999799919952,2.0008004803363615E-07,0.999999799919952,2.0008004803363615E-07,0.999999799919952,2.0008004803363615E-07,0.999999799919952,2.0008004803363615E-07,0.999999799919952,2.0008004803363615E-07,0.999999799919952,2.0008004803363615E-07,0.999999799919952,2.0008004803363615E-07,0.999999799919952,2.0008004803363615E-07,0.999999799919952,2.0008004803363615E-07,0.999999799919952,2.0008004803363615E-07,0.999999799919952,2.0008004803363615E-07,0.999999799919952,0.999999799919952,2.0008004803363615E-07,2.0008004803363615E-07,2.0008004803363615E-07,2.0008004803363615E-07,2.0008004803363615E-07,0.9999985994396638,2.0008004803363615E-07,2.0008004803363615E-07,2.0008004803363615E-07,2.0008004803363615E-07,0.999999799919952,2.0008004803363615E-07,0.999999799919952,2.0008004803363615E-07,0.999999799919952,2.0008004803363615E-07,0.999999799919952,2.0008004803363615E-07,0.999999799919952,2.0008004803363615E-07,0.999999799919952,2.0008004803363615E-07,0.999999799919952,2.0008004803363615E-07,0.999999799919952,2.0008004803363615E-07,0.999999799919952,2.0008004803363615E-07,0.999999799919952,2.0008004803363615E-07,0.999999799919952,2.0008004803363615E-07,0.999999799919952,2.0008004803363615E-07,0.999999799919952,2.0008004803363615E-07,0.999999799919952,2.0008004803363615E-07,0.999999799919952,2.0008004803363615E-07,0.999999799919952,2.0008004803363615E-07,0.999999799919952,2.0008004803363615E-07,0.999999799919952,2.0008004803363615E-07,0.999999799919952,2.0008004803363615E-07,0.999999799919952,2.0008004803363615E-07,0.999999799919952,2.0008004803363615E-07,0.999999799919952,2.0008004803363615E-07,0.999999799919952,2.0008004803363615E-07,0.999999799919952,2.0008004803363615E-07,0.999999799919952,2.0008004803363615E-07,0.999999799919952,2.0008004803363615E-07,0.999999799919952,2.0008004803363615E-07,0.999999799919952,0.999999799919952,2.0008004803363615E-07,2.0008004803363615E-07,2.0008004803363615E-07,2.0008004803363615E-07,2.0008004803363615E-07,0.22188040156270622,2.0008004803363615E-07,2.0008004803363615E-07,0.7781183979570057,2.0008004803363615E-07,0.999999799919952,2.0008004803363615E-07,0.999999799919952,2.0008004803363615E-07,0.999999799919952,2.0008004803363615E-07,0.999999799919952,2.0008004803363615E-07,0.999999799919952,2.0008004803363615E-07,0.999999799919952,2.0008004803363615E-07,0.999999799919952,2.0008004803363615E-07,0.999999799919952,2.0008004803363615E-07,0.999999799919952,2.0008004803363615E-07,0.999999799919952,2.0008004803363615E-07,0.999999799919952,2.0008004803363615E-07,0.999999799919952,2.0008004803363615E-07,0.999999799919952,2.0008004803363615E-07,0.999999799919952,2.0008004803363615E-07,0.999999799919952,2.0008004803363615E-07,0.999999799919952,2.0008004803363615E-07,0.999999799919952,2.0008004803363615E-07,0.999999799919952,2.0008004803363615E-07,0.999999799919952,2.0008004803363615E-07,0.999999799919952,2.0008004803363615E-07,0.999999799919952,2.0008004803363615E-07,0.999999799919952,2.0008004803363615E-07,0.999999799919952,2.0008004803363615E-07,0.999999799919952,2.0008004803363615E-07,0.999999799919952,2.0008004803363615E-07,0.999999799919952,2.0008004803363615E-07,0.999999799919952,2.0008004803363615E-07,0.999999799919952,0.999999799919952,2.0008004803363615E-07,2.0008004803363615E-07,2.0008004803363615E-07,2.0008004803363615E-07,2.0008004803363615E-07,2.0008004803363615E-07,2.0008004803363615E-07,2.0008004803363615E-07,0.9999985994396638,2.0008004803363615E-07,0.999999799919952,2.0008004803363615E-07,0.999999799919952,2.0008004803363615E-07,0.999999799919952,2.0008004803363615E-07,0.999999799919952,2.0008004803363615E-07,0.999999799919952,2.0008004803363615E-07,0.999999799919952,2.0008004803363615E-07,0.999999799919952,2.0008004803363615E-07,0.999999799919952,2.0008004803363615E-07,0.999999799919952,2.0008004803363615E-07,0.999999799919952,2.0008004803363615E-07,0.999999799919952,2.0008004803363615E-07,0.999999799919952,2.0008004803363615E-07,0.999999799919952,2.0008004803363615E-07,0.999999799919952,2.0008004803363615E-07,0.999999799919952,2.0008004803363615E-07,0.999999799919952,2.0008004803363615E-07,0.999999799919952,2.0008004803363615E-07,0.999999799919952,2.0008004803363615E-07,0.999999799919952,2.0008004803363615E-07,0.999999799919952,2.0008004803363615E-07,0.999999799919952,2.0008004803363615E-07,0.999999799919952,2.0008004803363615E-07,0.999999799919952,2.0008004803363615E-07,0.999999799919952,2.0008004803363615E-07,0.999999799919952,2.0008004803363615E-07,0.999999799919952,2.0008004803363615E-07,0.999999799919952,2.0008004803363615E-07,0.999999799919952,0.999999799919952,2.0008004803363615E-07,2.0008004803363615E-07,2.0008004803363615E-07,2.0008004803363615E-07,2.0008004803363615E-07,2.0008004803363615E-07,2.0008004803363615E-07,2.0008004803363615E-07,0.9999985994396638,2.0008004803363615E-07,0.999999799919952,2.0008004803363615E-07,0.999999799919952,2.0008004803363615E-07,0.999999799919952,2.0008004803363615E-07,0.999999799919952,2.0008004803363615E-07,0.999999799919952,2.0008004803363615E-07,0.999999799919952,2.0008004803363615E-07,0.999999799919952,2.0008004803363615E-07,0.999999799919952,2.0008004803363615E-07,0.999999799919952,2.0008004803363615E-07,0.999999799919952,2.0008004803363615E-07,0.999999799919952,2.0008004803363615E-07,0.999999799919952,2.0008004803363615E-07,0.999999799919952,2.0008004803363615E-07,0.999999799919952,2.0008004803363615E-07,0.999999799919952,2.0008004803363615E-07,0.999999799919952,2.0008004803363615E-07,0.999999799919952,2.0008004803363615E-07,0.999999799919952,2.0008004803363615E-07,0.999999799919952,2.0008004803363615E-07,0.999999799919952,2.0008004803363615E-07,0.999999799919952,2.0008004803363615E-07,0.999999799919952,2.0008004803363615E-07,0.999999799919952,2.0008004803363615E-07,0.999999799919952,2.0008004803363615E-07,0.999999799919952,2.0008004803363615E-07,0.999999799919952,2.0008004803363615E-07,0.999999799919952,2.0008004803363615E-07,0.999999799919952,0.999999799919952,2.0008004803363615E-07,0.999999799919952,2.0008004803363615E-07,2.0008004803363615E-07,2.0008004803363615E-07,2.0008004803363615E-07,0.9999985994396638,2.0008004803363615E-07,2.0008004803363615E-07,2.0008004803363615E-07,2.0008004803363615E-07,2.0008004803363615E-07,2.0008004803363615E-07,2.0008004803363615E-07,0.9999985994396638,2.0008004803363615E-07,2.0008004803363615E-07,2.0008004803363615E-07,2.0008004803363615E-07,2.0008004803363615E-07,0.999999799919952,2.0008004803363615E-07,0.999999799919952,2.0008004803363615E-07,0.999999799919952,2.0008004803363615E-07,0.999999799919952,2.0008004803363615E-07,0.999999799919952,2.0008004803363615E-07,0.999999799919952,2.0008004803363615E-07,0.999999799919952,2.0008004803363615E-07,0.999999799919952,2.0008004803363615E-07,0.999999799919952,2.0008004803363615E-07,0.999999799919952,2.0008004803363615E-07,0.999999799919952,2.0008004803363615E-07,0.999999799919952,2.0008004803363615E-07,0.999999799919952,2.0008004803363615E-07,0.999999799919952,2.0008004803363615E-07,0.999999799919952,2.0008004803363615E-07,0.999999799919952,2.0008004803363615E-07,0.999999799919952,2.0008004803363615E-07,0.999999799919952,2.0008004803363615E-07,0.999999799919952,2.0008004803363615E-07,0.999999799919952,2.0008004803363615E-07,0.999999799919952,2.0008004803363615E-07,0.999999799919952,2.0008004803363615E-07,0.999999799919952,2.0008004803363615E-07,0.999999799919952,2.0008004803363615E-07,0.999999799919952,2.0008004803363615E-07,0.999999799919952,2.0008004803363615E-07,0.999999799919952,2.0008004803363615E-07,0.999999799919952,2.0008004803363615E-07,0.999999799919952,2.0008004803363615E-07,0.999999799919952,2.0008004803363615E-07,0.999999799919952,2.0008004803363615E-07,0.999999799919952,2.0008004803363615E-07,0.999999799919952,2.0008004803363615E-07,0.999999799919952,2.0008004803363615E-07,0.999999799919952,2.0008004803363615E-07,0.999999799919952,2.0008004803363615E-07,0.999999799919952,2.0008004803363615E-07,0.999999799919952,2.0008004803363615E-07,0.999999799919952,2.0008004803363615E-07,0.999999799919952,2.0008004803363615E-07,0.999999799919952,2.0008004803363615E-07,0.999999799919952,2.0008004803363615E-07,0.999999799919952,2.0008004803363615E-07,0.999999799919952,2.0008004803363615E-07,0.999999799919952,2.0008004803363615E-07,0.999999799919952,2.0008004803363615E-07,0.999999799919952,2.0008004803363615E-07,0.999999799919952,2.0008004803363615E-07,0.999999799919952,2.0008004803363615E-07,0.999999799919952,2.0008004803363615E-07,0.999999799919952,2.0008004803363615E-07,0.999999799919952,2.0008004803363615E-07,0.999999799919952,2.0008004803363615E-07,0.999999799919952,2.0008004803363615E-07,0.999999799919952,2.0008004803363615E-07,0.999999799919952,0.999999799919952,2.0008004803363615E-07,2.0008004803363615E-07,2.0008004803363615E-07,2.0008004803363615E-07,0.9999985994396638,2.0008004803363615E-07,2.0008004803363615E-07,2.0008004803363615E-07,2.0008004803363615E-07,2.0008004803363615E-07,0.999999799919952,2.0008004803363615E-07,0.999999799919952,2.0008004803363615E-07,0.999999799919952,2.0008004803363615E-07,0.999999799919952,2.0008004803363615E-07,0.999999799919952,2.0008004803363615E-07,0.999999799919952,2.0008004803363615E-07,0.999999799919952,2.0008004803363615E-07,0.999999799919952,2.0008004803363615E-07,0.999999799919952,2.0008004803363615E-07,0.999999799919952,2.0008004803363615E-07,0.999999799919952,2.0008004803363615E-07,0.999999799919952,2.0008004803363615E-07,0.999999799919952,2.0008004803363615E-07,0.999999799919952,2.0008004803363615E-07,0.999999799919952,2.0008004803363615E-07,0.999999799919952,2.0008004803363615E-07,0.999999799919952,2.0008004803363615E-07,0.999999799919952,2.0008004803363615E-07,0.999999799919952,2.0008004803363615E-07,0.999999799919952,2.0008004803363615E-07,0.999999799919952,2.0008004803363615E-07,0.999999799919952,2.0008004803363615E-07,0.999999799919952,2.0008004803363615E-07,0.999999799919952,2.0008004803363615E-07,0.999999799919952,2.0008004803363615E-07,0.999999799919952,2.0008004803363615E-07,0.999999799919952,2.0008004803363615E-07,0.999999799919952,0.999999799919952,2.0008004803363615E-07,2.0008004803363615E-07,2.0008004803363615E-07,2.0008004803363615E-07,0.9999985994396638,2.0008004803363615E-07,2.0008004803363615E-07,2.0008004803363615E-07,2.0008004803363615E-07,2.0008004803363615E-07,0.999999799919952,2.0008004803363615E-07,0.999999799919952,2.0008004803363615E-07,0.999999799919952,2.0008004803363615E-07,0.999999799919952,2.0008004803363615E-07,0.999999799919952,2.0008004803363615E-07,0.999999799919952,2.0008004803363615E-07,0.999999799919952,2.0008004803363615E-07,0.999999799919952,2.0008004803363615E-07,0.999999799919952,2.0008004803363615E-07,0.999999799919952,2.0008004803363615E-07,0.999999799919952,2.0008004803363615E-07,0.999999799919952,2.0008004803363615E-07,0.999999799919952,2.0008004803363615E-07,0.999999799919952,2.0008004803363615E-07,0.999999799919952,2.0008004803363615E-07,0.999999799919952,2.0008004803363615E-07,0.999999799919952,2.0008004803363615E-07,0.999999799919952,2.0008004803363615E-07,0.999999799919952,2.0008004803363615E-07,0.999999799919952,2.0008004803363615E-07,0.999999799919952,2.0008004803363615E-07,0.999999799919952,2.0008004803363615E-07,0.999999799919952,2.0008004803363615E-07,0.999999799919952,2.0008004803363615E-07,0.999999799919952,2.0008004803363615E-07,0.999999799919952,2.0008004803363615E-07,0.999999799919952,2.0008004803363615E-07,0.999999799919952,0.999999799919952,2.0008004803363615E-07,2.0008004803363615E-07,2.0008004803363615E-07,2.0008004803363615E-07,0.9999985994396638,2.0008004803363615E-07,2.0008004803363615E-07,2.0008004803363615E-07,2.0008004803363615E-07,2.0008004803363615E-07,0.999999799919952,2.0008004803363615E-07,0.999999799919952,2.0008004803363615E-07,0.999999799919952,2.0008004803363615E-07,0.999999799919952,2.0008004803363615E-07,0.999999799919952,2.0008004803363615E-07,0.999999799919952,2.0008004803363615E-07,0.999999799919952,2.0008004803363615E-07,0.999999799919952,2.0008004803363615E-07,0.999999799919952,2.0008004803363615E-07,0.999999799919952,2.0008004803363615E-07,0.999999799919952,2.0008004803363615E-07,0.999999799919952,2.0008004803363615E-07,0.999999799919952,2.0008004803363615E-07,0.999999799919952,2.0008004803363615E-07,0.999999799919952,2.0008004803363615E-07,0.999999799919952,2.0008004803363615E-07,0.999999799919952,2.0008004803363615E-07,0.999999799919952,2.0008004803363615E-07,0.999999799919952,2.0008004803363615E-07,0.999999799919952,2.0008004803363615E-07,0.999999799919952,2.0008004803363615E-07,0.999999799919952,2.0008004803363615E-07,0.999999799919952,2.0008004803363615E-07,0.999999799919952,2.0008004803363615E-07,0.999999799919952,2.0008004803363615E-07,0.999999799919952,2.0008004803363615E-07,0.999999799919952,2.0008004803363615E-07,0.999999799919952,0.999999799919952,2.0008004803363615E-07,2.0008004803363615E-07,2.0008004803363615E-07,2.0008004803363615E-07,0.9999985994396638,2.0008004803363615E-07,2.0008004803363615E-07,2.0008004803363615E-07,2.0008004803363615E-07,2.0008004803363615E-07,0.999999799919952,2.0008004803363615E-07,0.999999799919952,2.0008004803363615E-07,0.999999799919952,2.0008004803363615E-07,0.999999799919952,2.0008004803363615E-07,0.999999799919952,2.0008004803363615E-07,0.999999799919952,2.0008004803363615E-07,0.999999799919952,2.0008004803363615E-07,0.999999799919952,2.0008004803363615E-07,0.999999799919952,2.0008004803363615E-07,0.999999799919952,2.0008004803363615E-07,0.999999799919952,2.0008004803363615E-07,0.999999799919952,2.0008004803363615E-07,0.999999799919952,2.0008004803363615E-07,0.999999799919952,2.0008004803363615E-07,0.999999799919952,2.0008004803363615E-07,0.999999799919952,2.0008004803363615E-07,0.999999799919952,2.0008004803363615E-07,0.999999799919952,2.0008004803363615E-07,0.999999799919952,2.0008004803363615E-07,0.999999799919952,2.0008004803363615E-07,0.999999799919952,2.0008004803363615E-07,0.999999799919952,2.0008004803363615E-07,0.999999799919952,2.0008004803363615E-07,0.999999799919952,2.0008004803363615E-07,0.999999799919952,2.0008004803363615E-07,0.999999799919952,2.0008004803363615E-07,0.999999799919952,2.0008004803363615E-07,0.999999799919952,0.999999799919952,2.0008004803363615E-07,2.0008004803363615E-07,2.0008004803363615E-07,2.0008004803363615E-07,2.0008004803363615E-07,0.9999985994396638,2.0008004803363615E-07,2.0008004803363615E-07,2.0008004803363615E-07,2.0008004803363615E-07,0.999999799919952,2.0008004803363615E-07,0.999999799919952,2.0008004803363615E-07,0.999999799919952,2.0008004803363615E-07,0.999999799919952,2.0008004803363615E-07,0.999999799919952,2.0008004803363615E-07,0.999999799919952,2.0008004803363615E-07,0.999999799919952,2.0008004803363615E-07,0.999999799919952,2.0008004803363615E-07,0.999999799919952,2.0008004803363615E-07,0.999999799919952,2.0008004803363615E-07,0.999999799919952,2.0008004803363615E-07,0.999999799919952,2.0008004803363615E-07,0.999999799919952,2.0008004803363615E-07,0.999999799919952,2.0008004803363615E-07,0.999999799919952,2.0008004803363615E-07,0.999999799919952,2.0008004803363615E-07,0.999999799919952,2.0008004803363615E-07,0.999999799919952,2.0008004803363615E-07,0.999999799919952,2.0008004803363615E-07,0.999999799919952,2.0008004803363615E-07,0.999999799919952,2.0008004803363615E-07,0.999999799919952,2.0008004803363615E-07,0.999999799919952,2.0008004803363615E-07,0.999999799919952,2.0008004803363615E-07,0.999999799919952,2.0008004803363615E-07,0.999999799919952,2.0008004803363615E-07,0.999999799919952,2.0008004803363615E-07,0.999999799919952,0.999999799919952,2.0008004803363615E-07,2.0008004803363615E-07,2.0008004803363615E-07,2.0008004803363615E-07,2.0008004803363615E-07,0.9999985994396638,2.0008004803363615E-07,2.0008004803363615E-07,2.0008004803363615E-07,2.0008004803363615E-07,0.999999799919952,2.0008004803363615E-07,0.999999799919952,2.0008004803363615E-07,0.999999799919952,2.0008004803363615E-07,0.999999799919952,2.0008004803363615E-07,0.999999799919952,2.0008004803363615E-07,0.999999799919952,2.0008004803363615E-07,0.999999799919952,2.0008004803363615E-07,0.999999799919952,2.0008004803363615E-07,0.999999799919952,2.0008004803363615E-07,0.999999799919952,2.0008004803363615E-07,0.999999799919952,2.0008004803363615E-07,0.999999799919952,2.0008004803363615E-07,0.999999799919952,2.0008004803363615E-07,0.999999799919952,2.0008004803363615E-07,0.999999799919952,2.0008004803363615E-07,0.999999799919952,2.0008004803363615E-07,0.999999799919952,2.0008004803363615E-07,0.999999799919952,2.0008004803363615E-07,0.999999799919952,2.0008004803363615E-07,0.999999799919952,2.0008004803363615E-07,0.999999799919952,2.0008004803363615E-07,0.999999799919952,2.0008004803363615E-07,0.999999799919952,2.0008004803363615E-07,0.999999799919952,2.0008004803363615E-07,0.999999799919952,2.0008004803363615E-07,0.999999799919952,2.0008004803363615E-07,0.999999799919952,2.0008004803363615E-07,0.999999799919952,0.999999799919952,2.0008004803363615E-07,2.0008004803363615E-07,2.0008004803363615E-07,2.0008004803363615E-07,2.0008004803363615E-07,0.9999985994396638,2.0008004803363615E-07,2.0008004803363615E-07,2.0008004803363615E-07,2.0008004803363615E-07,0.999999799919952,2.0008004803363615E-07,0.999999799919952,2.0008004803363615E-07,0.999999799919952,2.0008004803363615E-07,0.999999799919952,2.0008004803363615E-07,0.999999799919952,2.0008004803363615E-07,0.999999799919952,2.0008004803363615E-07,0.999999799919952,2.0008004803363615E-07,0.999999799919952,2.0008004803363615E-07,0.999999799919952,2.0008004803363615E-07,0.999999799919952,2.0008004803363615E-07,0.999999799919952,2.0008004803363615E-07,0.999999799919952,2.0008004803363615E-07,0.999999799919952,2.0008004803363615E-07,0.999999799919952,2.0008004803363615E-07,0.999999799919952,2.0008004803363615E-07,0.999999799919952,2.0008004803363615E-07,0.999999799919952,2.0008004803363615E-07,0.999999799919952,2.0008004803363615E-07,0.999999799919952,2.0008004803363615E-07,0.999999799919952,2.0008004803363615E-07,0.999999799919952,2.0008004803363615E-07,0.999999799919952,2.0008004803363615E-07,0.999999799919952,2.0008004803363615E-07,0.999999799919952,2.0008004803363615E-07,0.999999799919952,2.0008004803363615E-07,0.999999799919952,2.0008004803363615E-07,0.999999799919952,2.0008004803363615E-07,0.999999799919952,0.999999799919952,2.0008004803363615E-07,0.999999799919952,2.0008004803363615E-07,2.0008004803363615E-07,2.0008004803363615E-07,0.9999985994396638,2.0008004803363615E-07,2.0008004803363615E-07,2.0008004803363615E-07,2.0008004803363615E-07,2.0008004803363615E-07,2.0008004803363615E-07,2.0008004803363615E-07,0.9999985994396638,2.0008004803363615E-07,2.0008004803363615E-07,2.0008004803363615E-07,2.0008004803363615E-07,2.0008004803363615E-07,2.0008004803363615E-07,0.999999799919952,2.0008004803363615E-07,0.999999799919952,2.0008004803363615E-07,0.999999799919952,2.0008004803363615E-07,0.999999799919952,2.0008004803363615E-07,0.999999799919952,2.0008004803363615E-07,0.999999799919952,2.0008004803363615E-07,0.999999799919952,2.0008004803363615E-07,0.999999799919952,2.0008004803363615E-07,0.999999799919952,2.0008004803363615E-07,0.999999799919952,2.0008004803363615E-07,0.999999799919952,2.0008004803363615E-07,0.999999799919952,2.0008004803363615E-07,0.999999799919952,2.0008004803363615E-07,0.999999799919952,2.0008004803363615E-07,0.999999799919952,2.0008004803363615E-07,0.999999799919952,2.0008004803363615E-07,0.999999799919952,2.0008004803363615E-07,0.999999799919952,2.0008004803363615E-07,0.999999799919952,2.0008004803363615E-07,0.999999799919952,2.0008004803363615E-07,0.999999799919952,2.0008004803363615E-07,0.999999799919952,2.0008004803363615E-07,0.999999799919952,2.0008004803363615E-07,0.999999799919952,2.0008004803363615E-07,0.999999799919952,2.0008004803363615E-07,0.999999799919952,2.0008004803363615E-07,0.999999799919952,2.0008004803363615E-07,0.999999799919952,2.0008004803363615E-07,0.999999799919952,2.0008004803363615E-07,0.999999799919952,2.0008004803363615E-07,0.999999799919952,2.0008004803363615E-07,0.999999799919952,2.0008004803363615E-07,0.999999799919952,2.0008004803363615E-07,0.999999799919952,2.0008004803363615E-07,0.999999799919952,2.0008004803363615E-07,0.999999799919952,2.0008004803363615E-07,0.999999799919952,2.0008004803363615E-07,0.999999799919952,2.0008004803363615E-07,0.999999799919952,2.0008004803363615E-07,0.999999799919952,2.0008004803363615E-07,0.999999799919952,2.0008004803363615E-07,0.999999799919952,2.0008004803363615E-07,0.999999799919952,2.0008004803363615E-07,0.999999799919952,2.0008004803363615E-07,0.999999799919952,2.0008004803363615E-07,0.999999799919952,2.0008004803363615E-07,0.999999799919952,2.0008004803363615E-07,0.999999799919952,2.0008004803363615E-07,0.999999799919952,2.0008004803363615E-07,0.999999799919952,2.0008004803363615E-07,0.999999799919952,2.0008004803363615E-07,0.999999799919952,2.0008004803363615E-07,0.999999799919952,2.0008004803363615E-07,0.999999799919952,2.0008004803363615E-07,0.999999799919952,2.0008004803363615E-07,0.999999799919952,0.999999799919952,2.0008004803363615E-07,2.0008004803363615E-07,2.0008004803363615E-07,0.9999985994396638,2.0008004803363615E-07,2.0008004803363615E-07,2.0008004803363615E-07,2.0008004803363615E-07,2.0008004803363615E-07,2.0008004803363615E-07,0.999999799919952,2.0008004803363615E-07,0.999999799919952,2.0008004803363615E-07,0.999999799919952,2.0008004803363615E-07,0.999999799919952,2.0008004803363615E-07,0.999999799919952,2.0008004803363615E-07,0.999999799919952,2.0008004803363615E-07,0.999999799919952,2.0008004803363615E-07,0.999999799919952,2.0008004803363615E-07,0.999999799919952,2.0008004803363615E-07,0.999999799919952,2.0008004803363615E-07,0.999999799919952,2.0008004803363615E-07,0.999999799919952,2.0008004803363615E-07,0.999999799919952,2.0008004803363615E-07,0.999999799919952,2.0008004803363615E-07,0.999999799919952,2.0008004803363615E-07,0.999999799919952,2.0008004803363615E-07,0.999999799919952,2.0008004803363615E-07,0.999999799919952,2.0008004803363615E-07,0.999999799919952,2.0008004803363615E-07,0.999999799919952,2.0008004803363615E-07,0.999999799919952,2.0008004803363615E-07,0.999999799919952,2.0008004803363615E-07,0.999999799919952,2.0008004803363615E-07,0.999999799919952,2.0008004803363615E-07,0.999999799919952,2.0008004803363615E-07,0.999999799919952,2.0008004803363615E-07,0.999999799919952,2.0008004803363615E-07,0.999999799919952,0.999999799919952,2.0008004803363615E-07,2.0008004803363615E-07,2.0008004803363615E-07,0.9999985994396638,2.0008004803363615E-07,2.0008004803363615E-07,2.0008004803363615E-07,2.0008004803363615E-07,2.0008004803363615E-07,2.0008004803363615E-07,0.999999799919952,2.0008004803363615E-07,0.999999799919952,2.0008004803363615E-07,0.999999799919952,2.0008004803363615E-07,0.999999799919952,2.0008004803363615E-07,0.999999799919952,2.0008004803363615E-07,0.999999799919952,2.0008004803363615E-07,0.999999799919952,2.0008004803363615E-07,0.999999799919952,2.0008004803363615E-07,0.999999799919952,2.0008004803363615E-07,0.999999799919952,2.0008004803363615E-07,0.999999799919952,2.0008004803363615E-07,0.999999799919952,2.0008004803363615E-07,0.999999799919952,2.0008004803363615E-07,0.999999799919952,2.0008004803363615E-07,0.999999799919952,2.0008004803363615E-07,0.999999799919952,2.0008004803363615E-07,0.999999799919952,2.0008004803363615E-07,0.999999799919952,2.0008004803363615E-07,0.999999799919952,2.0008004803363615E-07,0.999999799919952,2.0008004803363615E-07,0.999999799919952,2.0008004803363615E-07,0.999999799919952,2.0008004803363615E-07,0.999999799919952,2.0008004803363615E-07,0.999999799919952,2.0008004803363615E-07,0.999999799919952,2.0008004803363615E-07,0.999999799919952,2.0008004803363615E-07,0.999999799919952,2.0008004803363615E-07,0.999999799919952,0.999999799919952,2.0008004803363615E-07,2.0008004803363615E-07,2.0008004803363615E-07,0.9999985994396638,2.0008004803363615E-07,2.0008004803363615E-07,2.0008004803363615E-07,2.0008004803363615E-07,2.0008004803363615E-07,2.0008004803363615E-07,0.999999799919952,2.0008004803363615E-07,0.999999799919952,2.0008004803363615E-07,0.999999799919952,2.0008004803363615E-07,0.999999799919952,2.0008004803363615E-07,0.999999799919952,2.0008004803363615E-07,0.999999799919952,2.0008004803363615E-07,0.999999799919952,2.0008004803363615E-07,0.999999799919952,2.0008004803363615E-07,0.999999799919952,2.0008004803363615E-07,0.999999799919952,2.0008004803363615E-07,0.999999799919952,2.0008004803363615E-07,0.999999799919952,2.0008004803363615E-07,0.999999799919952,2.0008004803363615E-07,0.999999799919952,2.0008004803363615E-07,0.999999799919952,2.0008004803363615E-07,0.999999799919952,2.0008004803363615E-07,0.999999799919952,2.0008004803363615E-07,0.999999799919952,2.0008004803363615E-07,0.999999799919952,2.0008004803363615E-07,0.999999799919952,2.0008004803363615E-07,0.999999799919952,2.0008004803363615E-07,0.999999799919952,2.0008004803363615E-07,0.999999799919952,2.0008004803363615E-07,0.999999799919952,2.0008004803363615E-07,0.999999799919952,2.0008004803363615E-07,0.999999799919952,2.0008004803363615E-07,0.999999799919952,2.0008004803363615E-07,0.999999799919952,0.999999799919952,2.0008004803363615E-07,2.0008004803363615E-07,2.0008004803363615E-07,2.0008004803363615E-07,0.9999985994396638,2.0008004803363615E-07,2.0008004803363615E-07,2.0008004803363615E-07,2.0008004803363615E-07,2.0008004803363615E-07,0.999999799919952,2.0008004803363615E-07,0.999999799919952,2.0008004803363615E-07,0.999999799919952,2.0008004803363615E-07,0.999999799919952,2.0008004803363615E-07,0.999999799919952,2.0008004803363615E-07,0.999999799919952,2.0008004803363615E-07,0.999999799919952,2.0008004803363615E-07,0.999999799919952,2.0008004803363615E-07,0.999999799919952,2.0008004803363615E-07,0.999999799919952,2.0008004803363615E-07,0.999999799919952,2.0008004803363615E-07,0.999999799919952,2.0008004803363615E-07,0.999999799919952,2.0008004803363615E-07,0.999999799919952,2.0008004803363615E-07,0.999999799919952,2.0008004803363615E-07,0.999999799919952,2.0008004803363615E-07,0.999999799919952,2.0008004803363615E-07,0.999999799919952,2.0008004803363615E-07,0.999999799919952,2.0008004803363615E-07,0.999999799919952,2.0008004803363615E-07,0.999999799919952,2.0008004803363615E-07,0.999999799919952,2.0008004803363615E-07,0.999999799919952,2.0008004803363615E-07,0.999999799919952,2.0008004803363615E-07,0.999999799919952,2.0008004803363615E-07,0.999999799919952,2.0008004803363615E-07,0.999999799919952,2.0008004803363615E-07,0.999999799919952,0.999999799919952,2.0008004803363615E-07,2.0008004803363615E-07,2.0008004803363615E-07,2.0008004803363615E-07,0.9999985994396638,2.0008004803363615E-07,2.0008004803363615E-07,2.0008004803363615E-07,2.0008004803363615E-07,2.0008004803363615E-07,0.999999799919952,2.0008004803363615E-07,0.999999799919952,2.0008004803363615E-07,0.999999799919952,2.0008004803363615E-07,0.999999799919952,2.0008004803363615E-07,0.999999799919952,2.0008004803363615E-07,0.999999799919952,2.0008004803363615E-07,0.999999799919952,2.0008004803363615E-07,0.999999799919952,2.0008004803363615E-07,0.999999799919952,2.0008004803363615E-07,0.999999799919952,2.0008004803363615E-07,0.999999799919952,2.0008004803363615E-07,0.999999799919952,2.0008004803363615E-07,0.999999799919952,2.0008004803363615E-07,0.999999799919952,2.0008004803363615E-07,0.999999799919952,2.0008004803363615E-07,0.999999799919952,2.0008004803363615E-07,0.999999799919952,2.0008004803363615E-07,0.999999799919952,2.0008004803363615E-07,0.999999799919952,2.0008004803363615E-07,0.999999799919952,2.0008004803363615E-07,0.999999799919952,2.0008004803363615E-07,0.999999799919952,2.0008004803363615E-07,0.999999799919952,2.0008004803363615E-07,0.999999799919952,2.0008004803363615E-07,0.999999799919952,2.0008004803363615E-07,0.999999799919952,2.0008004803363615E-07,0.999999799919952,2.0008004803363615E-07,0.999999799919952,0.999999799919952,2.0008004803363615E-07,2.0008004803363615E-07,2.0008004803363615E-07,2.0008004803363615E-07,0.9999985994396638,2.0008004803363615E-07,2.0008004803363615E-07,2.0008004803363615E-07,2.0008004803363615E-07,2.0008004803363615E-07,0.999999799919952,2.0008004803363615E-07,0.999999799919952,2.0008004803363615E-07,0.999999799919952,2.0008004803363615E-07,0.999999799919952,2.0008004803363615E-07,0.999999799919952,2.0008004803363615E-07,0.999999799919952,2.0008004803363615E-07,0.999999799919952,2.0008004803363615E-07,0.999999799919952,2.0008004803363615E-07,0.999999799919952,2.0008004803363615E-07,0.999999799919952,2.0008004803363615E-07,0.999999799919952,2.0008004803363615E-07,0.999999799919952,2.0008004803363615E-07,0.999999799919952,2.0008004803363615E-07,0.999999799919952,2.0008004803363615E-07,0.999999799919952,2.0008004803363615E-07,0.999999799919952,2.0008004803363615E-07,0.999999799919952,2.0008004803363615E-07,0.999999799919952,2.0008004803363615E-07,0.999999799919952,2.0008004803363615E-07,0.999999799919952,2.0008004803363615E-07,0.999999799919952,2.0008004803363615E-07,0.999999799919952,2.0008004803363615E-07,0.999999799919952,2.0008004803363615E-07,0.999999799919952,2.0008004803363615E-07,0.999999799919952,2.0008004803363615E-07,0.999999799919952,2.0008004803363615E-07,0.999999799919952,2.0008004803363615E-07,0.999999799919952,0.999999799919952,2.0008004803363615E-07,2.0008004803363615E-07,2.0008004803363615E-07,2.0008004803363615E-07,0.9999985994396638,2.0008004803363615E-07,2.0008004803363615E-07,2.0008004803363615E-07,2.0008004803363615E-07,2.0008004803363615E-07,0.999999799919952,2.0008004803363615E-07,0.999999799919952,2.0008004803363615E-07,0.999999799919952,2.0008004803363615E-07,0.999999799919952,2.0008004803363615E-07,0.999999799919952,2.0008004803363615E-07,0.999999799919952,2.0008004803363615E-07,0.999999799919952,2.0008004803363615E-07,0.999999799919952,2.0008004803363615E-07,0.999999799919952,2.0008004803363615E-07,0.999999799919952,2.0008004803363615E-07,0.999999799919952,2.0008004803363615E-07,0.999999799919952,2.0008004803363615E-07,0.999999799919952,2.0008004803363615E-07,0.999999799919952,2.0008004803363615E-07,0.999999799919952,2.0008004803363615E-07,0.999999799919952,2.0008004803363615E-07,0.999999799919952,2.0008004803363615E-07,0.999999799919952,2.0008004803363615E-07,0.999999799919952,2.0008004803363615E-07,0.999999799919952,2.0008004803363615E-07,0.999999799919952,2.0008004803363615E-07,0.999999799919952,2.0008004803363615E-07,0.999999799919952,2.0008004803363615E-07,0.999999799919952,2.0008004803363615E-07,0.999999799919952,2.0008004803363615E-07,0.999999799919952,2.0008004803363615E-07,0.999999799919952,2.0008004803363615E-07,0.999999799919952,0.999999799919952,2.0008004803363615E-07,0.999999799919952,2.0008004803363615E-07,2.0008004803363615E-07,0.9999985994396638,2.0008004803363615E-07,2.0008004803363615E-07,2.0008004803363615E-07,2.0008004803363615E-07,2.0008004803363615E-07,2.0008004803363615E-07,2.0008004803363615E-07,0.9999985994396638,2.0008004803363615E-07,2.0008004803363615E-07,2.0008004803363615E-07,2.0008004803363615E-07,2.0008004803363615E-07,2.0008004803363615E-07,0.999999799919952,2.0008004803363615E-07,2.0008004803363615E-07,0.999999799919952,0.999999799919952,2.0008004803363615E-07,2.0008004803363615E-07,0.999999799919952,0.999999799919952,2.0008004803363615E-07,2.0008004803363615E-07,0.999999799919952,0.999999799919952,2.0008004803363615E-07,2.0008004803363615E-07,0.999999799919952,0.999999799919952,2.0008004803363615E-07,2.0008004803363615E-07,0.999999799919952,0.999999799919952,2.0008004803363615E-07,2.0008004803363615E-07,0.999999799919952,0.999999799919952,2.0008004803363615E-07,2.0008004803363615E-07,0.999999799919952,0.999999799919952,2.0008004803363615E-07,2.0008004803363615E-07,0.999999799919952,0.999999799919952,2.0008004803363615E-07,2.0008004803363615E-07,0.999999799919952,0.999999799919952,2.0008004803363615E-07,2.0008004803363615E-07,0.999999799919952,0.999999799919952,2.0008004803363615E-07,2.0008004803363615E-07,0.999999799919952,0.999999799919952,2.0008004803363615E-07,2.0008004803363615E-07,0.999999799919952,0.999999799919952,2.0008004803363615E-07,2.0008004803363615E-07,0.999999799919952,0.999999799919952,2.0008004803363615E-07,2.0008004803363615E-07,0.999999799919952,0.999999799919952,2.0008004803363615E-07,2.0008004803363615E-07,0.999999799919952,0.999999799919952,2.0008004803363615E-07,2.0008004803363615E-07,0.999999799919952,0.999999799919952,2.0008004803363615E-07,2.0008004803363615E-07,0.999999799919952,0.999999799919952,2.0008004803363615E-07,2.0008004803363615E-07,0.999999799919952,0.999999799919952,2.0008004803363615E-07,2.0008004803363615E-07,0.999999799919952,0.999999799919952,2.0008004803363615E-07,2.0008004803363615E-07,0.999999799919952,0.999999799919952,2.0008004803363615E-07,2.0008004803363615E-07,0.999999799919952,0.999999799919952,2.0008004803363615E-07,2.0008004803363615E-07,0.999999799919952,0.999999799919952,2.0008004803363615E-07,2.0008004803363615E-07,0.999999799919952,0.999999799919952,2.0008004803363615E-07,2.0008004803363615E-07,0.999999799919952,0.999999799919952,2.0008004803363615E-07,2.0008004803363615E-07,0.999999799919952,0.999999799919952,2.0008004803363615E-07,2.0008004803363615E-07,0.999999799919952,0.999999799919952,2.0008004803363615E-07,2.0008004803363615E-07,0.999999799919952,0.999999799919952,2.0008004803363615E-07,2.0008004803363615E-07,0.999999799919952,0.999999799919952,2.0008004803363615E-07,2.0008004803363615E-07,0.9999985994396638,2.0008004803363615E-07,2.0008004803363615E-07,2.0008004803363615E-07,2.0008004803363615E-07,2.0008004803363615E-07,2.0008004803363615E-07,2.0008004803363615E-07,0.999999799919952,2.0008004803363615E-07,0.999999799919952,0.999999799919952,2.0008004803363615E-07,2.0008004803363615E-07,0.999999799919952,0.999999799919952,2.0008004803363615E-07,2.0008004803363615E-07,0.999999799919952,2.0008004803363615E-07,0.999999799919952,0.999999799919952,2.0008004803363615E-07,2.0008004803363615E-07,0.999999799919952,2.0008004803363615E-07,0.999999799919952,2.0008004803363615E-07,0.999999799919952,0.999999799919952,2.0008004803363615E-07,2.0008004803363615E-07,0.999999799919952,2.0008004803363615E-07,0.999999799919952,2.0008004803363615E-07,0.999999799919952,2.0008004803363615E-07,0.999999799919952,0.999999799919952,2.0008004803363615E-07,2.0008004803363615E-07,0.999999799919952,2.0008004803363615E-07,0.999999799919952,2.0008004803363615E-07,0.999999799919952,2.0008004803363615E-07,0.999999799919952,2.0008004803363615E-07,0.999999799919952,0.999999799919952,2.0008004803363615E-07,2.0008004803363615E-07,0.999999799919952,2.0008004803363615E-07,0.999999799919952,2.0008004803363615E-07,0.999999799919952,2.0008004803363615E-07,0.999999799919952,2.0008004803363615E-07,0.999999799919952,0.999999799919952,2.0008004803363615E-07,2.0008004803363615E-07,0.9999985994396638,2.0008004803363615E-07,2.0008004803363615E-07,2.0008004803363615E-07,2.0008004803363615E-07,2.0008004803363615E-07,2.0008004803363615E-07,2.0008004803363615E-07,0.999999799919952,2.0008004803363615E-07,0.999999799919952,0.999999799919952,2.0008004803363615E-07,2.0008004803363615E-07,0.999999799919952,0.999999799919952,2.0008004803363615E-07,2.0008004803363615E-07,0.999999799919952,2.0008004803363615E-07,0.999999799919952,0.999999799919952,2.0008004803363615E-07,2.0008004803363615E-07,0.999999799919952,2.0008004803363615E-07,0.999999799919952,2.0008004803363615E-07,0.999999799919952,0.999999799919952,2.0008004803363615E-07,2.0008004803363615E-07,0.999999799919952,2.0008004803363615E-07,0.999999799919952,2.0008004803363615E-07,0.999999799919952,2.0008004803363615E-07,0.999999799919952,0.999999799919952,2.0008004803363615E-07,2.0008004803363615E-07,0.999999799919952,2.0008004803363615E-07,0.999999799919952,2.0008004803363615E-07,0.999999799919952,2.0008004803363615E-07,0.999999799919952,2.0008004803363615E-07,0.999999799919952,0.999999799919952,2.0008004803363615E-07,2.0008004803363615E-07,0.999999799919952,2.0008004803363615E-07,0.999999799919952,2.0008004803363615E-07,0.999999799919952,2.0008004803363615E-07,0.999999799919952,2.0008004803363615E-07,0.999999799919952,0.999999799919952,2.0008004803363615E-07,2.0008004803363615E-07,0.9999985994396638,2.0008004803363615E-07,2.0008004803363615E-07,2.0008004803363615E-07,2.0008004803363615E-07,2.0008004803363615E-07,2.0008004803363615E-07,2.0008004803363615E-07,0.999999799919952,2.0008004803363615E-07,0.999999799919952,2.0008004803363615E-07,0.999999799919952,2.0008004803363615E-07,0.999999799919952,2.0008004803363615E-07,0.999999799919952,2.0008004803363615E-07,0.999999799919952,2.0008004803363615E-07,0.999999799919952,2.0008004803363615E-07,0.999999799919952,2.0008004803363615E-07,0.999999799919952,2.0008004803363615E-07,0.999999799919952,2.0008004803363615E-07,0.999999799919952,2.0008004803363615E-07,0.999999799919952,2.0008004803363615E-07,0.999999799919952,2.0008004803363615E-07,0.999999799919952,2.0008004803363615E-07,0.999999799919952,2.0008004803363615E-07,0.999999799919952,2.0008004803363615E-07,0.999999799919952,2.0008004803363615E-07,0.999999799919952,2.0008004803363615E-07,0.999999799919952,2.0008004803363615E-07,0.999999799919952,2.0008004803363615E-07,0.999999799919952,2.0008004803363615E-07,0.999999799919952,2.0008004803363615E-07,0.999999799919952,2.0008004803363615E-07,0.999999799919952,2.0008004803363615E-07,0.999999799919952,2.0008004803363615E-07,0.999999799919952,2.0008004803363615E-07,0.999999799919952,2.0008004803363615E-07,0.999999799919952,0.999999799919952,2.0008004803363615E-07,2.0008004803363615E-07,2.0008004803363615E-07,0.9999985994396638,2.0008004803363615E-07,2.0008004803363615E-07,2.0008004803363615E-07,2.0008004803363615E-07,2.0008004803363615E-07,2.0008004803363615E-07,0.999999799919952,2.0008004803363615E-07,0.999999799919952,2.0008004803363615E-07,0.999999799919952,2.0008004803363615E-07,0.999999799919952,2.0008004803363615E-07,0.999999799919952,2.0008004803363615E-07,0.999999799919952,2.0008004803363615E-07,0.999999799919952,2.0008004803363615E-07,0.999999799919952,2.0008004803363615E-07,0.999999799919952,2.0008004803363615E-07,0.999999799919952,2.0008004803363615E-07,0.999999799919952,2.0008004803363615E-07,0.999999799919952,2.0008004803363615E-07,0.999999799919952,2.0008004803363615E-07,0.999999799919952,2.0008004803363615E-07,0.999999799919952,2.0008004803363615E-07,0.999999799919952,2.0008004803363615E-07,0.999999799919952,2.0008004803363615E-07,0.999999799919952,2.0008004803363615E-07,0.999999799919952,2.0008004803363615E-07,0.999999799919952,2.0008004803363615E-07,0.999999799919952,2.0008004803363615E-07,0.999999799919952,2.0008004803363615E-07,0.999999799919952,2.0008004803363615E-07,0.999999799919952,2.0008004803363615E-07,0.999999799919952,2.0008004803363615E-07,0.999999799919952,2.0008004803363615E-07,0.999999799919952,2.0008004803363615E-07,0.999999799919952,0.999999799919952,2.0008004803363615E-07,2.0008004803363615E-07,2.0008004803363615E-07,0.9999985994396638,2.0008004803363615E-07,2.0008004803363615E-07,2.0008004803363615E-07,2.0008004803363615E-07,2.0008004803363615E-07,2.0008004803363615E-07,0.999999799919952,2.0008004803363615E-07,0.999999799919952,2.0008004803363615E-07,0.999999799919952,2.0008004803363615E-07,0.999999799919952,2.0008004803363615E-07,0.999999799919952,2.0008004803363615E-07,0.999999799919952,2.0008004803363615E-07,0.999999799919952,2.0008004803363615E-07,0.999999799919952,2.0008004803363615E-07,0.999999799919952,2.0008004803363615E-07,0.999999799919952,2.0008004803363615E-07,0.999999799919952,2.0008004803363615E-07,0.999999799919952,2.0008004803363615E-07,0.999999799919952,2.0008004803363615E-07,0.999999799919952,2.0008004803363615E-07,0.999999799919952,2.0008004803363615E-07,0.999999799919952,2.0008004803363615E-07,0.999999799919952,2.0008004803363615E-07,0.999999799919952,2.0008004803363615E-07,0.999999799919952,2.0008004803363615E-07,0.999999799919952,2.0008004803363615E-07,0.999999799919952,2.0008004803363615E-07,0.999999799919952,2.0008004803363615E-07,0.999999799919952,2.0008004803363615E-07,0.999999799919952,2.0008004803363615E-07,0.999999799919952,2.0008004803363615E-07,0.999999799919952,2.0008004803363615E-07,0.999999799919952,2.0008004803363615E-07,0.999999799919952,0.999999799919952,2.0008004803363615E-07,2.0008004803363615E-07,2.0008004803363615E-07,0.9999985994396638,2.0008004803363615E-07,2.0008004803363615E-07,2.0008004803363615E-07,2.0008004803363615E-07,2.0008004803363615E-07,2.0008004803363615E-07,0.999999799919952,2.0008004803363615E-07,0.999999799919952,2.0008004803363615E-07,0.999999799919952,2.0008004803363615E-07,0.999999799919952,2.0008004803363615E-07,0.999999799919952,2.0008004803363615E-07,0.999999799919952,2.0008004803363615E-07,0.999999799919952,2.0008004803363615E-07,0.999999799919952,2.0008004803363615E-07,0.999999799919952,2.0008004803363615E-07,0.999999799919952,2.0008004803363615E-07,0.999999799919952,2.0008004803363615E-07,0.999999799919952,2.0008004803363615E-07,0.999999799919952,2.0008004803363615E-07,0.999999799919952,2.0008004803363615E-07,0.999999799919952,2.0008004803363615E-07,0.999999799919952,2.0008004803363615E-07,0.999999799919952,2.0008004803363615E-07,0.999999799919952,2.0008004803363615E-07,0.999999799919952,2.0008004803363615E-07,0.999999799919952,2.0008004803363615E-07,0.999999799919952,2.0008004803363615E-07,0.999999799919952,2.0008004803363615E-07,0.999999799919952,2.0008004803363615E-07,0.999999799919952,2.0008004803363615E-07,0.999999799919952,2.0008004803363615E-07,0.999999799919952,2.0008004803363615E-07,0.999999799919952,2.0008004803363615E-07,0.999999799919952,0.999999799919952,2.0008004803363615E-07,2.0008004803363615E-07,2.0008004803363615E-07,0.9999985994396638,2.0008004803363615E-07,2.0008004803363615E-07,2.0008004803363615E-07,2.0008004803363615E-07,2.0008004803363615E-07,2.0008004803363615E-07,0.999999799919952,2.0008004803363615E-07,0.999999799919952,2.0008004803363615E-07,0.999999799919952,2.0008004803363615E-07,0.999999799919952,2.0008004803363615E-07,0.999999799919952,2.0008004803363615E-07,0.999999799919952,2.0008004803363615E-07,0.999999799919952,2.0008004803363615E-07,0.999999799919952,2.0008004803363615E-07,0.999999799919952,2.0008004803363615E-07,0.999999799919952,2.0008004803363615E-07,0.999999799919952,2.0008004803363615E-07,0.999999799919952,2.0008004803363615E-07,0.999999799919952,2.0008004803363615E-07,0.999999799919952,2.0008004803363615E-07,0.999999799919952,2.0008004803363615E-07,0.999999799919952,2.0008004803363615E-07,0.999999799919952,2.0008004803363615E-07,0.999999799919952,2.0008004803363615E-07,0.999999799919952,2.0008004803363615E-07,0.999999799919952,2.0008004803363615E-07,0.999999799919952,2.0008004803363615E-07,0.999999799919952,2.0008004803363615E-07,0.999999799919952,2.0008004803363615E-07,0.999999799919952,2.0008004803363615E-07,0.999999799919952,2.0008004803363615E-07,0.999999799919952,2.0008004803363615E-07,0.999999799919952,2.0008004803363615E-07,0.999999799919952,2.0008004803363615E-07,0.999999799919952,0.999999799919952,2.0008004803363615E-07,0.9999985994396638,2.0008004803363615E-07,2.0008004803363615E-07,2.0008004803363615E-07,2.0008004803363615E-07,2.0008004803363615E-07,2.0008004803363615E-07,2.0008004803363615E-07,0.9999985994396638,2.0008004803363615E-07,2.0008004803363615E-07,2.0008004803363615E-07,2.0008004803363615E-07,2.0008004803363615E-07,2.0008004803363615E-07,2.0008004803363615E-07,0.999999799919952,2.0008004803363615E-07,2.0008004803363615E-07,0.999999799919952,0.999999799919952,2.0008004803363615E-07,2.0008004803363615E-07,0.999999799919952,0.999999799919952,2.0008004803363615E-07,2.0008004803363615E-07,0.999999799919952,0.999999799919952,2.0008004803363615E-07,2.0008004803363615E-07,0.999999799919952,0.999999799919952,2.0008004803363615E-07,2.0008004803363615E-07,0.999999799919952,0.999999799919952,2.0008004803363615E-07,2.0008004803363615E-07,0.999999799919952,0.999999799919952,2.0008004803363615E-07,2.0008004803363615E-07,0.999999799919952,0.999999799919952,2.0008004803363615E-07,2.0008004803363615E-07,0.999999799919952,0.999999799919952,2.0008004803363615E-07,2.0008004803363615E-07,0.999999799919952,0.999999799919952,2.0008004803363615E-07,2.0008004803363615E-07,0.999999799919952,0.999999799919952,2.0008004803363615E-07,2.0008004803363615E-07,0.999999799919952,0.999999799919952,2.0008004803363615E-07,2.0008004803363615E-07,0.999999799919952,0.999999799919952,2.0008004803363615E-07,2.0008004803363615E-07,0.999999799919952,0.999999799919952,2.0008004803363615E-07,2.0008004803363615E-07,0.999999799919952,0.999999799919952,2.0008004803363615E-07,2.0008004803363615E-07,0.999999799919952,0.999999799919952,2.0008004803363615E-07,2.0008004803363615E-07,0.999999799919952,0.999999799919952,2.0008004803363615E-07,2.0008004803363615E-07,0.999999799919952,0.999999799919952,2.0008004803363615E-07,2.0008004803363615E-07,0.999999799919952,0.999999799919952,2.0008004803363615E-07,2.0008004803363615E-07,0.999999799919952,0.999999799919952,2.0008004803363615E-07,2.0008004803363615E-07,0.999999799919952,0.999999799919952,2.0008004803363615E-07,2.0008004803363615E-07,0.999999799919952,0.999999799919952,2.0008004803363615E-07,2.0008004803363615E-07,0.999999799919952,0.999999799919952,2.0008004803363615E-07,2.0008004803363615E-07,0.999999799919952,0.999999799919952,2.0008004803363615E-07,2.0008004803363615E-07,0.999999799919952,0.999999799919952,2.0008004803363615E-07,2.0008004803363615E-07,0.999999799919952,0.999999799919952,2.0008004803363615E-07,2.0008004803363615E-07,0.999999799919952,0.999999799919952,2.0008004803363615E-07,2.0008004803363615E-07,0.999999799919952,0.999999799919952,2.0008004803363615E-07,2.0008004803363615E-07,0.999999799919952,2.0008004803363615E-07,0.999999799919952,0.9999985994396638,2.0008004803363615E-07,2.0008004803363615E-07,2.0008004803363615E-07,2.0008004803363615E-07,2.0008004803363615E-07,2.0008004803363615E-07,2.0008004803363615E-07,0.999999799919952,2.0008004803363615E-07,0.999999799919952,2.0008004803363615E-07,0.999999799919952,2.0008004803363615E-07,0.999999799919952,2.0008004803363615E-07,0.999999799919952,2.0008004803363615E-07,0.999999799919952,2.0008004803363615E-07,0.999999799919952,2.0008004803363615E-07,0.999999799919952,2.0008004803363615E-07,0.999999799919952,2.0008004803363615E-07,0.999999799919952,2.0008004803363615E-07,0.999999799919952,2.0008004803363615E-07,0.999999799919952,2.0008004803363615E-07,0.999999799919952,2.0008004803363615E-07,0.999999799919952,2.0008004803363615E-07,0.999999799919952,2.0008004803363615E-07,0.999999799919952,2.0008004803363615E-07,0.999999799919952,2.0008004803363615E-07,0.999999799919952,2.0008004803363615E-07,0.999999799919952,2.0008004803363615E-07,0.999999799919952,2.0008004803363615E-07,0.999999799919952,2.0008004803363615E-07,0.999999799919952,2.0008004803363615E-07,0.999999799919952,2.0008004803363615E-07,0.999999799919952,2.0008004803363615E-07,0.999999799919952,2.0008004803363615E-07,0.999999799919952,2.0008004803363615E-07,0.999999799919952,2.0008004803363615E-07,0.999999799919952,2.0008004803363615E-07,2.0008004803363615E-07,0.999999799919952,0.9999985994396638,2.0008004803363615E-07,2.0008004803363615E-07,2.0008004803363615E-07,2.0008004803363615E-07,2.0008004803363615E-07,2.0008004803363615E-07,2.0008004803363615E-07,0.999999799919952,2.0008004803363615E-07,0.999999799919952,2.0008004803363615E-07,0.999999799919952,2.0008004803363615E-07,0.999999799919952,2.0008004803363615E-07,0.999999799919952,2.0008004803363615E-07,0.999999799919952,2.0008004803363615E-07,0.999999799919952,2.0008004803363615E-07,0.999999799919952,2.0008004803363615E-07,0.999999799919952,2.0008004803363615E-07,0.999999799919952,2.0008004803363615E-07,0.999999799919952,2.0008004803363615E-07,0.999999799919952,2.0008004803363615E-07,0.999999799919952,2.0008004803363615E-07,0.999999799919952,2.0008004803363615E-07,0.999999799919952,2.0008004803363615E-07,0.999999799919952,2.0008004803363615E-07,0.999999799919952,2.0008004803363615E-07,0.999999799919952,2.0008004803363615E-07,0.999999799919952,2.0008004803363615E-07,0.999999799919952,2.0008004803363615E-07,0.999999799919952,2.0008004803363615E-07,0.999999799919952,2.0008004803363615E-07,0.999999799919952,2.0008004803363615E-07,0.999999799919952,2.0008004803363615E-07,0.999999799919952,2.0008004803363615E-07,0.999999799919952,2.0008004803363615E-07,0.999999799919952,2.0008004803363615E-07,0.999999799919952,2.0008004803363615E-07,2.0008004803363615E-07,0.999999799919952,2.0008004803363615E-07,0.9999985994396638,2.0008004803363615E-07,2.0008004803363615E-07,2.0008004803363615E-07,2.0008004803363615E-07,2.0008004803363615E-07,2.0008004803363615E-07,0.999999799919952,2.0008004803363615E-07,0.999999799919952,2.0008004803363615E-07,0.999999799919952,2.0008004803363615E-07,0.999999799919952,2.0008004803363615E-07,0.999999799919952,2.0008004803363615E-07,0.999999799919952,2.0008004803363615E-07,0.999999799919952,2.0008004803363615E-07,0.999999799919952,2.0008004803363615E-07,0.999999799919952,2.0008004803363615E-07,0.999999799919952,2.0008004803363615E-07,0.999999799919952,2.0008004803363615E-07,0.999999799919952,2.0008004803363615E-07,0.999999799919952,2.0008004803363615E-07,0.999999799919952,2.0008004803363615E-07,0.999999799919952,2.0008004803363615E-07,0.999999799919952,2.0008004803363615E-07,0.999999799919952,2.0008004803363615E-07,0.999999799919952,2.0008004803363615E-07,0.999999799919952,2.0008004803363615E-07,0.999999799919952,2.0008004803363615E-07,0.999999799919952,2.0008004803363615E-07,0.999999799919952,2.0008004803363615E-07,0.999999799919952,2.0008004803363615E-07,0.999999799919952,2.0008004803363615E-07,0.999999799919952,2.0008004803363615E-07,0.999999799919952,2.0008004803363615E-07,0.999999799919952,2.0008004803363615E-07,0.999999799919952,2.0008004803363615E-07,2.0008004803363615E-07,0.999999799919952,2.0008004803363615E-07,0.9999985994396638,2.0008004803363615E-07,2.0008004803363615E-07,2.0008004803363615E-07,2.0008004803363615E-07,2.0008004803363615E-07,2.0008004803363615E-07,0.999999799919952,2.0008004803363615E-07,0.999999799919952,2.0008004803363615E-07,2.0008004803363615E-07,0.999999799919952,0.999999799919952,2.0008004803363615E-07,2.0008004803363615E-07,0.999999799919952,0.999999799919952,2.0008004803363615E-07,0.999999799919952,2.0008004803363615E-07,2.0008004803363615E-07,0.999999799919952,0.999999799919952,2.0008004803363615E-07,0.999999799919952,2.0008004803363615E-07,0.999999799919952,2.0008004803363615E-07,2.0008004803363615E-07,0.999999799919952,0.999999799919952,2.0008004803363615E-07,0.999999799919952,2.0008004803363615E-07,0.999999799919952,2.0008004803363615E-07,0.999999799919952,2.0008004803363615E-07,2.0008004803363615E-07,0.999999799919952,0.999999799919952,2.0008004803363615E-07,0.999999799919952,2.0008004803363615E-07,0.999999799919952,2.0008004803363615E-07,0.999999799919952,2.0008004803363615E-07,0.999999799919952,2.0008004803363615E-07,2.0008004803363615E-07,0.999999799919952,0.999999799919952,2.0008004803363615E-07,0.999999799919952,2.0008004803363615E-07,0.999999799919952,2.0008004803363615E-07,0.999999799919952,2.0008004803363615E-07,0.999999799919952,2.0008004803363615E-07,0.990153524850807,0.009846475149193012,2.0008004803363615E-07,0.9999985994396638,2.0008004803363615E-07,2.0008004803363615E-07,2.0008004803363615E-07,2.0008004803363615E-07,2.0008004803363615E-07,2.0008004803363615E-07,0.999999799919952,2.0008004803363615E-07,0.999999799919952,2.0008004803363615E-07,2.0008004803363615E-07,0.999999799919952,0.999999799919952,2.0008004803363615E-07,2.0008004803363615E-07,0.999999799919952,2.0008004803363615E-07,0.999999799919952,0.999999799919952,2.0008004803363615E-07,2.0008004803363615E-07,0.999999799919952,2.0008004803363615E-07,0.999999799919952,2.0008004803363615E-07,0.999999799919952,0.999999799919952,2.0008004803363615E-07,2.0008004803363615E-07,0.999999799919952,2.0008004803363615E-07,0.999999799919952,2.0008004803363615E-07,0.999999799919952,2.0008004803363615E-07,0.999999799919952,0.999999799919952,2.0008004803363615E-07,2.0008004803363615E-07,0.999999799919952,2.0008004803363615E-07,0.999999799919952,2.0008004803363615E-07,0.999999799919952,2.0008004803363615E-07,0.999999799919952,2.0008004803363615E-07,0.999999799919952,0.999999799919952,2.0008004803363615E-07,2.0008004803363615E-07,0.999999799919952,2.0008004803363615E-07,0.999999799919952,2.0008004803363615E-07,0.999999799919952,2.0008004803363615E-07,0.999999799919952,2.0008004803363615E-07,0.999999799919952,2.0008004803363615E-07,0.999999799919952,0.999999799919952,2.0008004803363615E-07,2.0008004803363615E-07,0.9999985994396638,2.0008004803363615E-07,2.0008004803363615E-07,2.0008004803363615E-07,2.0008004803363615E-07,2.0008004803363615E-07,2.0008004803363615E-07,0.999999799919952,2.0008004803363615E-07,0.999999799919952,2.0008004803363615E-07,2.0008004803363615E-07,0.999999799919952,0.999999799919952,2.0008004803363615E-07,2.0008004803363615E-07,0.999999799919952,2.0008004803363615E-07,0.999999799919952,0.999999799919952,2.0008004803363615E-07,2.0008004803363615E-07,0.999999799919952,2.0008004803363615E-07,0.999999799919952,2.0008004803363615E-07,0.999999799919952,0.999999799919952,2.0008004803363615E-07,2.0008004803363615E-07,0.999999799919952,2.0008004803363615E-07,0.999999799919952,2.0008004803363615E-07,0.999999799919952,2.0008004803363615E-07,0.999999799919952,0.999999799919952,2.0008004803363615E-07,2.0008004803363615E-07,0.999999799919952,2.0008004803363615E-07,0.999999799919952,2.0008004803363615E-07,0.999999799919952,2.0008004803363615E-07,0.999999799919952,2.0008004803363615E-07,0.999999799919952,0.999999799919952,2.0008004803363615E-07,2.0008004803363615E-07,0.999999799919952,2.0008004803363615E-07,0.999999799919952,2.0008004803363615E-07,0.999999799919952,2.0008004803363615E-07,0.999999799919952,2.0008004803363615E-07,0.999999799919952,2.0008004803363615E-07,0.999999799919952,0.999999799919952,2.0008004803363615E-07,2.0008004803363615E-07,0.9999985994396638,2.0008004803363615E-07,2.0008004803363615E-07,2.0008004803363615E-07,2.0008004803363615E-07,2.0008004803363615E-07,2.0008004803363615E-07,2.0008004803363615E-07,0.999999799919952,2.0008004803363615E-07,0.999999799919952,2.0008004803363615E-07,0.999999799919952,2.0008004803363615E-07,0.999999799919952,2.0008004803363615E-07,0.999999799919952,2.0008004803363615E-07,0.999999799919952,2.0008004803363615E-07,0.999999799919952,2.0008004803363615E-07,0.999999799919952,2.0008004803363615E-07,0.999999799919952,2.0008004803363615E-07,0.999999799919952,2.0008004803363615E-07,0.999999799919952,2.0008004803363615E-07,0.999999799919952,2.0008004803363615E-07,0.999999799919952,2.0008004803363615E-07,0.999999799919952,2.0008004803363615E-07,0.999999799919952,2.0008004803363615E-07,0.999999799919952,2.0008004803363615E-07,0.999999799919952,2.0008004803363615E-07,0.999999799919952,2.0008004803363615E-07,0.999999799919952,2.0008004803363615E-07,0.999999799919952,2.0008004803363615E-07,0.999999799919952,2.0008004803363615E-07,0.999999799919952,2.0008004803363615E-07,0.999999799919952,2.0008004803363615E-07,0.999999799919952,2.0008004803363615E-07,0.999999799919952,2.0008004803363615E-07,0.999999799919952,2.0008004803363615E-07,0.999999799919952,2.0008004803363615E-07,0.999999799919952,2.0008004803363615E-07,0.999999799919952,0.999999799919952,2.0008004803363615E-07,0.9999985994396638,2.0008004803363615E-07,2.0008004803363615E-07,2.0008004803363615E-07,2.0008004803363615E-07,2.0008004803363615E-07,2.0008004803363615E-07,2.0008004803363615E-07,0.9999985994396638,2.0008004803363615E-07,2.0008004803363615E-07,2.0008004803363615E-07,2.0008004803363615E-07,2.0008004803363615E-07,2.0008004803363615E-07,2.0008004803363615E-07,0.999999799919952,2.0008004803363615E-07,2.0008004803363615E-07,0.999999799919952,0.999999799919952,2.0008004803363615E-07,2.0008004803363615E-07,0.999999799919952,0.999999799919952,2.0008004803363615E-07,2.0008004803363615E-07,0.999999799919952,0.999999799919952,2.0008004803363615E-07,2.0008004803363615E-07,0.999999799919952,0.999999799919952,2.0008004803363615E-07,2.0008004803363615E-07,0.999999799919952,0.999999799919952,2.0008004803363615E-07,2.0008004803363615E-07,0.999999799919952,0.999999799919952,2.0008004803363615E-07,2.0008004803363615E-07,0.999999799919952,0.999999799919952,2.0008004803363615E-07,2.0008004803363615E-07,0.999999799919952,0.999999799919952,2.0008004803363615E-07,2.0008004803363615E-07,0.999999799919952,0.999999799919952,2.0008004803363615E-07,2.0008004803363615E-07,0.999999799919952,0.999999799919952,2.0008004803363615E-07,2.0008004803363615E-07,0.999999799919952,0.999999799919952,2.0008004803363615E-07,2.0008004803363615E-07,0.999999799919952,0.999999799919952,2.0008004803363615E-07,2.0008004803363615E-07,0.999999799919952,0.999999799919952,2.0008004803363615E-07,2.0008004803363615E-07,0.999999799919952,0.999999799919952,2.0008004803363615E-07,2.0008004803363615E-07,0.999999799919952,0.999999799919952,2.0008004803363615E-07,2.0008004803363615E-07,0.999999799919952,0.999999799919952,2.0008004803363615E-07,2.0008004803363615E-07,0.999999799919952,0.999999799919952,2.0008004803363615E-07,2.0008004803363615E-07,0.999999799919952,0.999999799919952,2.0008004803363615E-07,2.0008004803363615E-07,0.999999799919952,0.999999799919952,2.0008004803363615E-07,2.0008004803363615E-07,0.999999799919952,0.999999799919952,2.0008004803363615E-07,2.0008004803363615E-07,0.999999799919952,0.999999799919952,2.0008004803363615E-07,2.0008004803363615E-07,0.999999799919952,0.999999799919952,2.0008004803363615E-07,2.0008004803363615E-07,0.999999799919952,0.999999799919952,2.0008004803363615E-07,2.0008004803363615E-07,0.999999799919952,0.999999799919952,2.0008004803363615E-07,2.0008004803363615E-07,0.999999799919952,0.999999799919952,2.0008004803363615E-07,2.0008004803363615E-07,0.999999799919952,0.999999799919952,2.0008004803363615E-07,2.0008004803363615E-07,0.999999799919952,0.999999799919952,2.0008004803363615E-07,2.0008004803363615E-07,0.999999799919952,2.0008004803363615E-07,0.999999799919952,0.9999985994396638,2.0008004803363615E-07,2.0008004803363615E-07,2.0008004803363615E-07,2.0008004803363615E-07,2.0008004803363615E-07,2.0008004803363615E-07,2.0008004803363615E-07,0.999999799919952,2.0008004803363615E-07,0.999999799919952,2.0008004803363615E-07,0.999999799919952,2.0008004803363615E-07,0.999999799919952,2.0008004803363615E-07,0.999999799919952,2.0008004803363615E-07,0.999999799919952,2.0008004803363615E-07,0.999999799919952,2.0008004803363615E-07,0.999999799919952,2.0008004803363615E-07,0.999999799919952,2.0008004803363615E-07,0.999999799919952,2.0008004803363615E-07,0.999999799919952,2.0008004803363615E-07,0.999999799919952,2.0008004803363615E-07,0.999999799919952,2.0008004803363615E-07,0.999999799919952,2.0008004803363615E-07,0.999999799919952,2.0008004803363615E-07,0.999999799919952,2.0008004803363615E-07,0.999999799919952,2.0008004803363615E-07,0.999999799919952,2.0008004803363615E-07,0.999999799919952,2.0008004803363615E-07,0.999999799919952,2.0008004803363615E-07,0.999999799919952,2.0008004803363615E-07,0.999999799919952,2.0008004803363615E-07,0.999999799919952,2.0008004803363615E-07,0.999999799919952,2.0008004803363615E-07,0.999999799919952,2.0008004803363615E-07,0.999999799919952,2.0008004803363615E-07,0.999999799919952,2.0008004803363615E-07,0.999999799919952,2.0008004803363615E-07,2.0008004803363615E-07,0.999999799919952,0.9999985994396638,2.0008004803363615E-07,2.0008004803363615E-07,2.0008004803363615E-07,2.0008004803363615E-07,2.0008004803363615E-07,2.0008004803363615E-07,2.0008004803363615E-07,0.999999799919952,2.0008004803363615E-07,0.999999799919952,2.0008004803363615E-07,0.999999799919952,2.0008004803363615E-07,0.999999799919952,2.0008004803363615E-07,0.999999799919952,2.0008004803363615E-07,0.999999799919952,2.0008004803363615E-07,0.999999799919952,2.0008004803363615E-07,0.999999799919952,2.0008004803363615E-07,0.999999799919952,2.0008004803363615E-07,0.999999799919952,2.0008004803363615E-07,0.999999799919952,2.0008004803363615E-07,0.999999799919952,2.0008004803363615E-07,0.999999799919952,2.0008004803363615E-07,0.999999799919952,2.0008004803363615E-07,0.999999799919952,2.0008004803363615E-07,0.999999799919952,2.0008004803363615E-07,0.999999799919952,2.0008004803363615E-07,0.999999799919952,2.0008004803363615E-07,0.999999799919952,2.0008004803363615E-07,0.999999799919952,2.0008004803363615E-07,0.999999799919952,2.0008004803363615E-07,0.999999799919952,2.0008004803363615E-07,0.999999799919952,2.0008004803363615E-07,0.999999799919952,2.0008004803363615E-07,0.999999799919952,2.0008004803363615E-07,0.999999799919952,2.0008004803363615E-07,0.999999799919952,2.0008004803363615E-07,0.999999799919952,2.0008004803363615E-07,2.0008004803363615E-07,0.999999799919952,0.9999985994396638,2.0008004803363615E-07,2.0008004803363615E-07,2.0008004803363615E-07,2.0008004803363615E-07,2.0008004803363615E-07,2.0008004803363615E-07,2.0008004803363615E-07,0.999999799919952,2.0008004803363615E-07,0.999999799919952,2.0008004803363615E-07,0.999999799919952,2.0008004803363615E-07,0.999999799919952,2.0008004803363615E-07,0.999999799919952,2.0008004803363615E-07,0.999999799919952,2.0008004803363615E-07,0.999999799919952,2.0008004803363615E-07,0.999999799919952,2.0008004803363615E-07,0.999999799919952,2.0008004803363615E-07,0.999999799919952,2.0008004803363615E-07,0.999999799919952,2.0008004803363615E-07,0.999999799919952,2.0008004803363615E-07,0.999999799919952,2.0008004803363615E-07,0.999999799919952,2.0008004803363615E-07,0.999999799919952,2.0008004803363615E-07,0.999999799919952,2.0008004803363615E-07,0.999999799919952,2.0008004803363615E-07,0.999999799919952,2.0008004803363615E-07,0.999999799919952,2.0008004803363615E-07,0.999999799919952,2.0008004803363615E-07,0.999999799919952,2.0008004803363615E-07,0.999999799919952,2.0008004803363615E-07,0.999999799919952,2.0008004803363615E-07,0.999999799919952,2.0008004803363615E-07,0.999999799919952,2.0008004803363615E-07,0.999999799919952,2.0008004803363615E-07,0.999999799919952,2.0008004803363615E-07,0.999999799919952,2.0008004803363615E-07,2.0008004803363615E-07,0.999999799919952,0.9999985994396638,2.0008004803363615E-07,2.0008004803363615E-07,2.0008004803363615E-07,2.0008004803363615E-07,2.0008004803363615E-07,2.0008004803363615E-07,2.0008004803363615E-07,0.999999799919952,2.0008004803363615E-07,0.999999799919952,2.0008004803363615E-07,0.999999799919952,2.0008004803363615E-07,0.999999799919952,2.0008004803363615E-07,0.999999799919952,2.0008004803363615E-07,0.999999799919952,2.0008004803363615E-07,0.999999799919952,2.0008004803363615E-07,0.999999799919952,2.0008004803363615E-07,0.999999799919952,2.0008004803363615E-07,0.999999799919952,2.0008004803363615E-07,0.999999799919952,2.0008004803363615E-07,0.999999799919952,2.0008004803363615E-07,0.999999799919952,2.0008004803363615E-07,0.999999799919952,2.0008004803363615E-07,0.999999799919952,2.0008004803363615E-07,0.999999799919952,2.0008004803363615E-07,0.999999799919952,2.0008004803363615E-07,0.999999799919952,2.0008004803363615E-07,0.999999799919952,2.0008004803363615E-07,0.999999799919952,2.0008004803363615E-07,0.999999799919952,2.0008004803363615E-07,0.999999799919952,2.0008004803363615E-07,0.999999799919952,2.0008004803363615E-07,0.999999799919952,2.0008004803363615E-07,0.999999799919952,2.0008004803363615E-07,0.999999799919952,2.0008004803363615E-07,0.999999799919952,2.0008004803363615E-07,0.999999799919952,2.0008004803363615E-07,2.0008004803363615E-07,0.999999799919952,0.9999985994396638,2.0008004803363615E-07,2.0008004803363615E-07,2.0008004803363615E-07,2.0008004803363615E-07,2.0008004803363615E-07,2.0008004803363615E-07,2.0008004803363615E-07,0.999999799919952,2.0008004803363615E-07,0.999999799919952,2.0008004803363615E-07,0.999999799919952,2.0008004803363615E-07,0.999999799919952,2.0008004803363615E-07,0.999999799919952,2.0008004803363615E-07,0.999999799919952,2.0008004803363615E-07,0.999999799919952,2.0008004803363615E-07,0.999999799919952,2.0008004803363615E-07,0.999999799919952,2.0008004803363615E-07,0.999999799919952,2.0008004803363615E-07,0.999999799919952,2.0008004803363615E-07,0.999999799919952,2.0008004803363615E-07,0.999999799919952,2.0008004803363615E-07,0.999999799919952,2.0008004803363615E-07,0.999999799919952,2.0008004803363615E-07,0.999999799919952,2.0008004803363615E-07,0.999999799919952,2.0008004803363615E-07,0.999999799919952,2.0008004803363615E-07,0.999999799919952,2.0008004803363615E-07,0.999999799919952,2.0008004803363615E-07,0.999999799919952,2.0008004803363615E-07,0.999999799919952,2.0008004803363615E-07,0.999999799919952,2.0008004803363615E-07,0.999999799919952,2.0008004803363615E-07,0.999999799919952,2.0008004803363615E-07,0.999999799919952,2.0008004803363615E-07,0.999999799919952,2.0008004803363615E-07,0.999999799919952,2.0008004803363615E-07,2.0008004803363615E-07,0.999999799919952,0.9999985994396638,2.0008004803363615E-07,2.0008004803363615E-07,2.0008004803363615E-07,2.0008004803363615E-07,2.0008004803363615E-07,2.0008004803363615E-07,2.0008004803363615E-07,0.999999799919952,2.0008004803363615E-07,0.999999799919952,2.0008004803363615E-07,0.999999799919952,2.0008004803363615E-07,0.999999799919952,2.0008004803363615E-07,0.999999799919952,2.0008004803363615E-07,0.999999799919952,2.0008004803363615E-07,0.999999799919952,2.0008004803363615E-07,0.999999799919952,2.0008004803363615E-07,0.999999799919952,2.0008004803363615E-07,0.999999799919952,2.0008004803363615E-07,0.999999799919952,2.0008004803363615E-07,0.999999799919952,2.0008004803363615E-07,0.999999799919952,2.0008004803363615E-07,0.999999799919952,2.0008004803363615E-07,0.999999799919952,2.0008004803363615E-07,0.999999799919952,2.0008004803363615E-07,0.999999799919952,2.0008004803363615E-07,0.999999799919952,2.0008004803363615E-07,0.999999799919952,2.0008004803363615E-07,0.999999799919952,2.0008004803363615E-07,0.999999799919952,2.0008004803363615E-07,0.999999799919952,2.0008004803363615E-07,0.999999799919952,2.0008004803363615E-07,0.999999799919952,2.0008004803363615E-07,0.999999799919952,2.0008004803363615E-07,0.999999799919952,2.0008004803363615E-07,0.999999799919952,2.0008004803363615E-07,0.999999799919952,2.0008004803363615E-07,2.0008004803363615E-07,0.999999799919952,0.9999985994396638,2.0008004803363615E-07,2.0008004803363615E-07,2.0008004803363615E-07,2.0008004803363615E-07,2.0008004803363615E-07,2.0008004803363615E-07,2.0008004803363615E-07,0.999999799919952,2.0008004803363615E-07,0.999999799919952,2.0008004803363615E-07,0.999999799919952,2.0008004803363615E-07,0.999999799919952,2.0008004803363615E-07,0.999999799919952,2.0008004803363615E-07,0.999999799919952,2.0008004803363615E-07,0.999999799919952,2.0008004803363615E-07,0.999999799919952,2.0008004803363615E-07,0.999999799919952,2.0008004803363615E-07,0.999999799919952,2.0008004803363615E-07,0.999999799919952,2.0008004803363615E-07,0.999999799919952,2.0008004803363615E-07,0.999999799919952,2.0008004803363615E-07,0.999999799919952,2.0008004803363615E-07,0.999999799919952,2.0008004803363615E-07,0.999999799919952,2.0008004803363615E-07,0.999999799919952,2.0008004803363615E-07,0.999999799919952,2.0008004803363615E-07,0.999999799919952,2.0008004803363615E-07,0.999999799919952,2.0008004803363615E-07,0.999999799919952,2.0008004803363615E-07,0.999999799919952,2.0008004803363615E-07,0.999999799919952,2.0008004803363615E-07,0.999999799919952,2.0008004803363615E-07,0.999999799919952,2.0008004803363615E-07,0.999999799919952,2.0008004803363615E-07,0.999999799919952,2.0008004803363615E-07,0.999999799919952,2.0008004803363615E-07,2.0008004803363615E-07,0.999999799919952,0.999999799919952,2.0008004803363615E-07,0.9999985994396638,2.0008004803363615E-07,2.0008004803363615E-07,2.0008004803363615E-07,2.0008004803363615E-07,2.0008004803363615E-07,2.0008004803363615E-07,2.0008004803363615E-07,0.9999985994396638,2.0008004803363615E-07,2.0008004803363615E-07,2.0008004803363615E-07,2.0008004803363615E-07,2.0008004803363615E-07,2.0008004803363615E-07,2.0008004803363615E-07,0.999999799919952,2.0008004803363615E-07,2.0008004803363615E-07,0.999999799919952,0.999999799919952,2.0008004803363615E-07,2.0008004803363615E-07,0.999999799919952,0.999999799919952,2.0008004803363615E-07,2.0008004803363615E-07,0.999999799919952,0.999999799919952,2.0008004803363615E-07,2.0008004803363615E-07,0.999999799919952,0.999999799919952,2.0008004803363615E-07,2.0008004803363615E-07,0.999999799919952,0.999999799919952,2.0008004803363615E-07,2.0008004803363615E-07,0.999999799919952,0.999999799919952,2.0008004803363615E-07,2.0008004803363615E-07,0.999999799919952,0.999999799919952,2.0008004803363615E-07,2.0008004803363615E-07,0.999999799919952,0.999999799919952,2.0008004803363615E-07,2.0008004803363615E-07,0.999999799919952,0.999999799919952,2.0008004803363615E-07,2.0008004803363615E-07,0.999999799919952,0.999999799919952,2.0008004803363615E-07,2.0008004803363615E-07,0.999999799919952,0.999999799919952,2.0008004803363615E-07,2.0008004803363615E-07,0.999999799919952,0.999999799919952,2.0008004803363615E-07,2.0008004803363615E-07,0.999999799919952,0.999999799919952,2.0008004803363615E-07,2.0008004803363615E-07,0.999999799919952,0.999999799919952,2.0008004803363615E-07,2.0008004803363615E-07,0.999999799919952,0.999999799919952,2.0008004803363615E-07,2.0008004803363615E-07,0.999999799919952,0.999999799919952,2.0008004803363615E-07,2.0008004803363615E-07,0.999999799919952,0.999999799919952,2.0008004803363615E-07,2.0008004803363615E-07,0.999999799919952,0.999999799919952,2.0008004803363615E-07,2.0008004803363615E-07,0.999999799919952,0.999999799919952,2.0008004803363615E-07,2.0008004803363615E-07,0.999999799919952,0.999999799919952,2.0008004803363615E-07,2.0008004803363615E-07,0.999999799919952,0.999999799919952,2.0008004803363615E-07,2.0008004803363615E-07,0.999999799919952,0.999999799919952,2.0008004803363615E-07,2.0008004803363615E-07,0.999999799919952,0.999999799919952,2.0008004803363615E-07,2.0008004803363615E-07,0.999999799919952,0.999999799919952,2.0008004803363615E-07,2.0008004803363615E-07,0.999999799919952,0.999999799919952,2.0008004803363615E-07,2.0008004803363615E-07,0.999999799919952,0.999999799919952,2.0008004803363615E-07,2.0008004803363615E-07,0.999999799919952,0.999999799919952,2.0008004803363615E-07,2.0008004803363615E-07,0.999999799919952,2.0008004803363615E-07,0.999999799919952,0.9999985994396638,2.0008004803363615E-07,2.0008004803363615E-07,2.0008004803363615E-07,2.0008004803363615E-07,2.0008004803363615E-07,2.0008004803363615E-07,2.0008004803363615E-07,0.999999799919952,2.0008004803363615E-07,0.999999799919952,2.0008004803363615E-07,0.999999799919952,2.0008004803363615E-07,0.999999799919952,2.0008004803363615E-07,0.999999799919952,2.0008004803363615E-07,0.999999799919952,2.0008004803363615E-07,0.999999799919952,2.0008004803363615E-07,0.999999799919952,2.0008004803363615E-07,0.999999799919952,2.0008004803363615E-07,0.999999799919952,2.0008004803363615E-07,0.999999799919952,2.0008004803363615E-07,0.999999799919952,2.0008004803363615E-07,0.999999799919952,2.0008004803363615E-07,0.999999799919952,2.0008004803363615E-07,0.999999799919952,2.0008004803363615E-07,0.999999799919952,2.0008004803363615E-07,0.999999799919952,2.0008004803363615E-07,0.999999799919952,2.0008004803363615E-07,0.999999799919952,2.0008004803363615E-07,0.999999799919952,2.0008004803363615E-07,0.999999799919952,2.0008004803363615E-07,0.999999799919952,2.0008004803363615E-07,0.999999799919952,2.0008004803363615E-07,0.999999799919952,2.0008004803363615E-07,0.999999799919952,2.0008004803363615E-07,0.999999799919952,2.0008004803363615E-07,0.999999799919952,2.0008004803363615E-07,0.999999799919952,2.0008004803363615E-07,2.0008004803363615E-07,0.999999799919952,0.9999985994396638,2.0008004803363615E-07,2.0008004803363615E-07,2.0008004803363615E-07,2.0008004803363615E-07,2.0008004803363615E-07,2.0008004803363615E-07,2.0008004803363615E-07,0.999999799919952,2.0008004803363615E-07,0.999999799919952,2.0008004803363615E-07,0.999999799919952,2.0008004803363615E-07,0.999999799919952,2.0008004803363615E-07,0.999999799919952,2.0008004803363615E-07,0.999999799919952,2.0008004803363615E-07,0.999999799919952,2.0008004803363615E-07,0.999999799919952,2.0008004803363615E-07,0.999999799919952,2.0008004803363615E-07,0.999999799919952,2.0008004803363615E-07,0.999999799919952,2.0008004803363615E-07,0.999999799919952,2.0008004803363615E-07,0.999999799919952,2.0008004803363615E-07,0.999999799919952,2.0008004803363615E-07,0.999999799919952,2.0008004803363615E-07,0.999999799919952,2.0008004803363615E-07,0.999999799919952,2.0008004803363615E-07,0.999999799919952,2.0008004803363615E-07,0.999999799919952,2.0008004803363615E-07,0.999999799919952,2.0008004803363615E-07,0.999999799919952,2.0008004803363615E-07,0.999999799919952,2.0008004803363615E-07,0.999999799919952,2.0008004803363615E-07,0.999999799919952,2.0008004803363615E-07,0.999999799919952,2.0008004803363615E-07,0.999999799919952,2.0008004803363615E-07,0.999999799919952,2.0008004803363615E-07,0.999999799919952,2.0008004803363615E-07,2.0008004803363615E-07,0.999999799919952,0.9999985994396638,2.0008004803363615E-07,2.0008004803363615E-07,2.0008004803363615E-07,2.0008004803363615E-07,2.0008004803363615E-07,2.0008004803363615E-07,2.0008004803363615E-07,0.999999799919952,2.0008004803363615E-07,0.999999799919952,2.0008004803363615E-07,0.999999799919952,2.0008004803363615E-07,0.999999799919952,2.0008004803363615E-07,0.999999799919952,2.0008004803363615E-07,0.999999799919952,2.0008004803363615E-07,0.999999799919952,2.0008004803363615E-07,0.999999799919952,2.0008004803363615E-07,0.999999799919952,2.0008004803363615E-07,0.999999799919952,2.0008004803363615E-07,0.999999799919952,2.0008004803363615E-07,0.999999799919952,2.0008004803363615E-07,0.999999799919952,2.0008004803363615E-07,0.999999799919952,2.0008004803363615E-07,0.999999799919952,2.0008004803363615E-07,0.999999799919952,2.0008004803363615E-07,0.999999799919952,2.0008004803363615E-07,0.999999799919952,2.0008004803363615E-07,0.999999799919952,2.0008004803363615E-07,0.999999799919952,2.0008004803363615E-07,0.999999799919952,2.0008004803363615E-07,0.999999799919952,2.0008004803363615E-07,0.999999799919952,2.0008004803363615E-07,0.999999799919952,2.0008004803363615E-07,0.999999799919952,2.0008004803363615E-07,0.999999799919952,2.0008004803363615E-07,0.999999799919952,2.0008004803363615E-07,0.999999799919952,2.0008004803363615E-07,2.0008004803363615E-07,0.999999799919952,0.9999985994396638,2.0008004803363615E-07,2.0008004803363615E-07,2.0008004803363615E-07,2.0008004803363615E-07,2.0008004803363615E-07,2.0008004803363615E-07,2.0008004803363615E-07,0.999999799919952,2.0008004803363615E-07,0.999999799919952,2.0008004803363615E-07,0.999999799919952,2.0008004803363615E-07,0.999999799919952,2.0008004803363615E-07,0.999999799919952,2.0008004803363615E-07,0.999999799919952,2.0008004803363615E-07,0.999999799919952,2.0008004803363615E-07,0.999999799919952,2.0008004803363615E-07,0.999999799919952,2.0008004803363615E-07,0.999999799919952,2.0008004803363615E-07,0.999999799919952,2.0008004803363615E-07,0.999999799919952,2.0008004803363615E-07,0.999999799919952,2.0008004803363615E-07,0.999999799919952,2.0008004803363615E-07,0.999999799919952,2.0008004803363615E-07,0.999999799919952,2.0008004803363615E-07,0.999999799919952,2.0008004803363615E-07,0.999999799919952,2.0008004803363615E-07,0.999999799919952,2.0008004803363615E-07,0.999999799919952,2.0008004803363615E-07,0.999999799919952,2.0008004803363615E-07,0.999999799919952,2.0008004803363615E-07,0.999999799919952,2.0008004803363615E-07,0.999999799919952,2.0008004803363615E-07,0.999999799919952,2.0008004803363615E-07,0.999999799919952,2.0008004803363615E-07,0.999999799919952,2.0008004803363615E-07,0.999999799919952,2.0008004803363615E-07,2.0008004803363615E-07,0.999999799919952,0.9999985994396638,2.0008004803363615E-07,2.0008004803363615E-07,2.0008004803363615E-07,2.0008004803363615E-07,2.0008004803363615E-07,2.0008004803363615E-07,2.0008004803363615E-07,0.999999799919952,2.0008004803363615E-07,0.999999799919952,2.0008004803363615E-07,0.999999799919952,2.0008004803363615E-07,0.999999799919952,2.0008004803363615E-07,0.999999799919952,2.0008004803363615E-07,0.999999799919952,2.0008004803363615E-07,0.999999799919952,2.0008004803363615E-07,0.999999799919952,2.0008004803363615E-07,0.999999799919952,2.0008004803363615E-07,0.999999799919952,2.0008004803363615E-07,0.999999799919952,2.0008004803363615E-07,0.999999799919952,2.0008004803363615E-07,0.999999799919952,2.0008004803363615E-07,0.999999799919952,2.0008004803363615E-07,0.999999799919952,2.0008004803363615E-07,0.999999799919952,2.0008004803363615E-07,0.999999799919952,2.0008004803363615E-07,0.999999799919952,2.0008004803363615E-07,0.999999799919952,2.0008004803363615E-07,0.999999799919952,2.0008004803363615E-07,0.999999799919952,2.0008004803363615E-07,0.999999799919952,2.0008004803363615E-07,0.999999799919952,2.0008004803363615E-07,0.999999799919952,2.0008004803363615E-07,0.999999799919952,2.0008004803363615E-07,0.999999799919952,2.0008004803363615E-07,0.999999799919952,2.0008004803363615E-07,0.999999799919952,2.0008004803363615E-07,2.0008004803363615E-07,0.999999799919952,0.9999985994396638,2.0008004803363615E-07,2.0008004803363615E-07,2.0008004803363615E-07,2.0008004803363615E-07,2.0008004803363615E-07,2.0008004803363615E-07,2.0008004803363615E-07,0.999999799919952,2.0008004803363615E-07,0.999999799919952,2.0008004803363615E-07,0.999999799919952,2.0008004803363615E-07,0.999999799919952,2.0008004803363615E-07,0.999999799919952,2.0008004803363615E-07,0.999999799919952,2.0008004803363615E-07,0.999999799919952,2.0008004803363615E-07,0.999999799919952,2.0008004803363615E-07,0.999999799919952,2.0008004803363615E-07,0.999999799919952,2.0008004803363615E-07,0.999999799919952,2.0008004803363615E-07,0.999999799919952,2.0008004803363615E-07,0.999999799919952,2.0008004803363615E-07,0.999999799919952,2.0008004803363615E-07,0.999999799919952,2.0008004803363615E-07,0.999999799919952,2.0008004803363615E-07,0.999999799919952,2.0008004803363615E-07,0.999999799919952,2.0008004803363615E-07,0.999999799919952,2.0008004803363615E-07,0.999999799919952,2.0008004803363615E-07,0.999999799919952,2.0008004803363615E-07,0.999999799919952,2.0008004803363615E-07,0.999999799919952,2.0008004803363615E-07,0.999999799919952,2.0008004803363615E-07,0.999999799919952,2.0008004803363615E-07,0.999999799919952,2.0008004803363615E-07,0.999999799919952,2.0008004803363615E-07,0.999999799919952,2.0008004803363615E-07,2.0008004803363615E-07,0.999999799919952,0.9999985994396638,2.0008004803363615E-07,2.0008004803363615E-07,2.0008004803363615E-07,2.0008004803363615E-07,2.0008004803363615E-07,2.0008004803363615E-07,2.0008004803363615E-07,0.999999799919952,2.0008004803363615E-07,0.999999799919952,2.0008004803363615E-07,0.999999799919952,2.0008004803363615E-07,0.999999799919952,2.0008004803363615E-07,0.999999799919952,2.0008004803363615E-07,0.999999799919952,2.0008004803363615E-07,0.999999799919952,2.0008004803363615E-07,0.999999799919952,2.0008004803363615E-07,0.999999799919952,2.0008004803363615E-07,0.999999799919952,2.0008004803363615E-07,0.999999799919952,2.0008004803363615E-07,0.999999799919952,2.0008004803363615E-07,0.999999799919952,2.0008004803363615E-07,0.999999799919952,2.0008004803363615E-07,0.999999799919952,2.0008004803363615E-07,0.999999799919952,2.0008004803363615E-07,0.999999799919952,2.0008004803363615E-07,0.999999799919952,2.0008004803363615E-07,0.999999799919952,2.0008004803363615E-07,0.999999799919952,2.0008004803363615E-07,0.999999799919952,2.0008004803363615E-07,0.999999799919952,2.0008004803363615E-07,0.999999799919952,2.0008004803363615E-07,0.999999799919952,2.0008004803363615E-07,0.999999799919952,2.0008004803363615E-07,0.999999799919952,2.0008004803363615E-07,0.999999799919952,2.0008004803363615E-07,0.999999799919952,2.0008004803363615E-07,0.999999799919952,2.0008004803363615E-07,2.0008004803363615E-07,2.0008004803363615E-07,2.0008004803363615E-07,2.0008004803363615E-07,2.0008004803363615E-07,0.9999985994396638,2.0008004803363615E-07,2.0008004803363615E-07,0.999999799919952,2.0008004803363615E-07,2.0008004803363615E-07,2.0008004803363615E-07,2.0008004803363615E-07,2.0008004803363615E-07,0.9999985994396638,2.0008004803363615E-07,2.0008004803363615E-07,2.0008004803363615E-07,2.0008004803363615E-07,0.999999799919952,2.0008004803363615E-07,0.999999799919952,2.0008004803363615E-07,0.999999799919952,2.0008004803363615E-07,0.999999799919952,2.0008004803363615E-07,0.999999799919952,2.0008004803363615E-07,0.999999799919952,2.0008004803363615E-07,0.999999799919952,2.0008004803363615E-07,0.999999799919952,2.0008004803363615E-07,0.999999799919952,2.0008004803363615E-07,0.999999799919952,2.0008004803363615E-07,0.999999799919952,2.0008004803363615E-07,0.999999799919952,2.0008004803363615E-07,0.999999799919952,2.0008004803363615E-07,0.999999799919952,2.0008004803363615E-07,0.999999799919952,2.0008004803363615E-07,0.999999799919952,2.0008004803363615E-07,0.999999799919952,2.0008004803363615E-07,0.999999799919952,2.0008004803363615E-07,0.999999799919952,2.0008004803363615E-07,0.999999799919952,2.0008004803363615E-07,0.999999799919952,2.0008004803363615E-07,0.999999799919952,2.0008004803363615E-07,0.999999799919952,2.0008004803363615E-07,0.999999799919952,2.0008004803363615E-07,0.999999799919952,2.0008004803363615E-07,0.999999799919952,2.0008004803363615E-07,0.999999799919952,2.0008004803363615E-07,0.999999799919952,0.999999799919952,2.0008004803363615E-07,2.0008004803363615E-07,2.0008004803363615E-07,2.0008004803363615E-07,2.0008004803363615E-07,0.9999985994396638,2.0008004803363615E-07,2.0008004803363615E-07,2.0008004803363615E-07,2.0008004803363615E-07,0.999999799919952,2.0008004803363615E-07,0.999999799919952,2.0008004803363615E-07,0.999999799919952,2.0008004803363615E-07,0.999999799919952,2.0008004803363615E-07,0.999999799919952,2.0008004803363615E-07,0.999999799919952,2.0008004803363615E-07,0.999999799919952,2.0008004803363615E-07,0.999999799919952,2.0008004803363615E-07,0.999999799919952,2.0008004803363615E-07,0.999999799919952,2.0008004803363615E-07,0.999999799919952,2.0008004803363615E-07,0.999999799919952,2.0008004803363615E-07,0.999999799919952,2.0008004803363615E-07,0.999999799919952,2.0008004803363615E-07,0.999999799919952,2.0008004803363615E-07,0.999999799919952,2.0008004803363615E-07,0.999999799919952,2.0008004803363615E-07,0.999999799919952,2.0008004803363615E-07,0.999999799919952,2.0008004803363615E-07,0.999999799919952,2.0008004803363615E-07,0.999999799919952,2.0008004803363615E-07,0.999999799919952,2.0008004803363615E-07,0.999999799919952,2.0008004803363615E-07,0.999999799919952,2.0008004803363615E-07,0.999999799919952,2.0008004803363615E-07,0.999999799919952,2.0008004803363615E-07,0.999999799919952,2.0008004803363615E-07,0.999999799919952,0.999999799919952,2.0008004803363615E-07,2.0008004803363615E-07,2.0008004803363615E-07,2.0008004803363615E-07,0.9999985994396638,2.0008004803363615E-07,2.0008004803363615E-07,2.0008004803363615E-07,2.0008004803363615E-07,2.0008004803363615E-07,0.999999799919952,2.0008004803363615E-07,0.999999799919952,2.0008004803363615E-07,0.999999799919952,2.0008004803363615E-07,0.999999799919952,2.0008004803363615E-07,0.999999799919952,2.0008004803363615E-07,0.999999799919952,2.0008004803363615E-07,0.999999799919952,2.0008004803363615E-07,0.999999799919952,2.0008004803363615E-07,0.999999799919952,2.0008004803363615E-07,0.999999799919952,2.0008004803363615E-07,0.999999799919952,2.0008004803363615E-07,0.999999799919952,2.0008004803363615E-07,0.999999799919952,2.0008004803363615E-07,0.999999799919952,2.0008004803363615E-07,0.999999799919952,2.0008004803363615E-07,0.999999799919952,2.0008004803363615E-07,0.999999799919952,2.0008004803363615E-07,0.999999799919952,2.0008004803363615E-07,0.999999799919952,2.0008004803363615E-07,0.999999799919952,2.0008004803363615E-07,0.999999799919952,2.0008004803363615E-07,0.999999799919952,2.0008004803363615E-07,0.999999799919952,2.0008004803363615E-07,0.999999799919952,2.0008004803363615E-07,0.999999799919952,2.0008004803363615E-07,0.999999799919952,2.0008004803363615E-07,0.999999799919952,2.0008004803363615E-07,0.999999799919952,0.999999799919952,2.0008004803363615E-07,2.0008004803363615E-07,2.0008004803363615E-07,0.9999985994396638,2.0008004803363615E-07,2.0008004803363615E-07,2.0008004803363615E-07,2.0008004803363615E-07,2.0008004803363615E-07,2.0008004803363615E-07,0.999999799919952,2.0008004803363615E-07,0.999999799919952,2.0008004803363615E-07,0.999999799919952,2.0008004803363615E-07,0.999999799919952,2.0008004803363615E-07,0.999999799919952,2.0008004803363615E-07,0.999999799919952,2.0008004803363615E-07,0.999999799919952,2.0008004803363615E-07,0.999999799919952,2.0008004803363615E-07,0.999999799919952,2.0008004803363615E-07,0.999999799919952,2.0008004803363615E-07,0.999999799919952,2.0008004803363615E-07,0.999999799919952,2.0008004803363615E-07,0.999999799919952,2.0008004803363615E-07,0.999999799919952,2.0008004803363615E-07,0.999999799919952,2.0008004803363615E-07,0.999999799919952,2.0008004803363615E-07,0.999999799919952,2.0008004803363615E-07,0.999999799919952,2.0008004803363615E-07,0.999999799919952,2.0008004803363615E-07,0.999999799919952,2.0008004803363615E-07,0.999999799919952,2.0008004803363615E-07,0.999999799919952,2.0008004803363615E-07,0.999999799919952,2.0008004803363615E-07,0.999999799919952,2.0008004803363615E-07,0.999999799919952,2.0008004803363615E-07,0.999999799919952,2.0008004803363615E-07,0.999999799919952,2.0008004803363615E-07,0.999999799919952,0.999999799919952,2.0008004803363615E-07,2.0008004803363615E-07,0.9999985994396638,2.0008004803363615E-07,2.0008004803363615E-07,2.0008004803363615E-07,2.0008004803363615E-07,2.0008004803363615E-07,2.0008004803363615E-07,2.0008004803363615E-07,0.999999799919952,2.0008004803363615E-07,0.999999799919952,2.0008004803363615E-07,0.999999799919952,2.0008004803363615E-07,0.999999799919952,2.0008004803363615E-07,0.999999799919952,2.0008004803363615E-07,0.999999799919952,2.0008004803363615E-07,0.999999799919952,2.0008004803363615E-07,0.999999799919952,2.0008004803363615E-07,0.999999799919952,2.0008004803363615E-07,0.999999799919952,2.0008004803363615E-07,0.999999799919952,2.0008004803363615E-07,0.999999799919952,2.0008004803363615E-07,0.999999799919952,2.0008004803363615E-07,0.999999799919952,2.0008004803363615E-07,0.999999799919952,2.0008004803363615E-07,0.999999799919952,2.0008004803363615E-07,0.999999799919952,2.0008004803363615E-07,0.999999799919952,2.0008004803363615E-07,0.999999799919952,2.0008004803363615E-07,0.999999799919952,2.0008004803363615E-07,0.999999799919952,2.0008004803363615E-07,0.999999799919952,2.0008004803363615E-07,0.999999799919952,2.0008004803363615E-07,0.999999799919952,2.0008004803363615E-07,0.999999799919952,2.0008004803363615E-07,0.999999799919952,2.0008004803363615E-07,0.999999799919952,2.0008004803363615E-07,0.999999799919952,0.999999799919952,2.0008004803363615E-07,0.9999985994396638,2.0008004803363615E-07,2.0008004803363615E-07,2.0008004803363615E-07,2.0008004803363615E-07,2.0008004803363615E-07,2.0008004803363615E-07,2.0008004803363615E-07,2.0008004803363615E-07,0.999999799919952,2.0008004803363615E-07,0.999999799919952,2.0008004803363615E-07,0.999999799919952,2.0008004803363615E-07,0.999999799919952,2.0008004803363615E-07,0.999999799919952,2.0008004803363615E-07,0.999999799919952,2.0008004803363615E-07,0.999999799919952,2.0008004803363615E-07,0.999999799919952,2.0008004803363615E-07,0.999999799919952,2.0008004803363615E-07,0.999999799919952,2.0008004803363615E-07,0.999999799919952,2.0008004803363615E-07,0.999999799919952,2.0008004803363615E-07,0.999999799919952,2.0008004803363615E-07,0.999999799919952,2.0008004803363615E-07,0.999999799919952,2.0008004803363615E-07,0.999999799919952,2.0008004803363615E-07,0.999999799919952,2.0008004803363615E-07,0.999999799919952,2.0008004803363615E-07,0.999999799919952,2.0008004803363615E-07,0.999999799919952,2.0008004803363615E-07,0.999999799919952,2.0008004803363615E-07,0.999999799919952,2.0008004803363615E-07,0.999999799919952,2.0008004803363615E-07,0.999999799919952,2.0008004803363615E-07,0.999999799919952,2.0008004803363615E-07,0.999999799919952,2.0008004803363615E-07,0.999999799919952,2.0008004803363615E-07,0.999999799919952,0.999999799919952,2.0008004803363615E-07,0.9999985994396638,2.0008004803363615E-07,2.0008004803363615E-07,2.0008004803363615E-07,2.0008004803363615E-07,2.0008004803363615E-07,2.0008004803363615E-07,2.0008004803363615E-07,2.0008004803363615E-07,0.999999799919952,2.0008004803363615E-07,0.999999799919952,2.0008004803363615E-07,0.999999799919952,2.0008004803363615E-07,0.999999799919952,2.0008004803363615E-07,0.999999799919952,2.0008004803363615E-07,0.999999799919952,2.0008004803363615E-07,0.999999799919952,2.0008004803363615E-07,0.999999799919952,2.0008004803363615E-07,0.999999799919952,2.0008004803363615E-07,0.999999799919952,2.0008004803363615E-07,0.999999799919952,2.0008004803363615E-07,0.999999799919952,2.0008004803363615E-07,0.999999799919952,2.0008004803363615E-07,0.999999799919952,2.0008004803363615E-07,0.999999799919952,2.0008004803363615E-07,0.999999799919952,2.0008004803363615E-07,0.999999799919952,2.0008004803363615E-07,0.999999799919952,2.0008004803363615E-07,0.999999799919952,2.0008004803363615E-07,0.999999799919952,2.0008004803363615E-07,0.999999799919952,2.0008004803363615E-07,0.999999799919952,2.0008004803363615E-07,0.999999799919952,2.0008004803363615E-07,0.999999799919952,2.0008004803363615E-07,0.999999799919952,2.0008004803363615E-07,0.999999799919952,2.0008004803363615E-07,0.999999799919952,2.0008004803363615E-07,0.999999799919952,0.999999799919952,2.0008004803363615E-07,0.9999985994396638,2.0008004803363615E-07,2.0008004803363615E-07,2.0008004803363615E-07,2.0008004803363615E-07,2.0008004803363615E-07,2.0008004803363615E-07,2.0008004803363615E-07,2.0008004803363615E-07,0.999999799919952,2.0008004803363615E-07,0.999999799919952,2.0008004803363615E-07,0.999999799919952,2.0008004803363615E-07,0.999999799919952,2.0008004803363615E-07,0.999999799919952,2.0008004803363615E-07,0.999999799919952,2.0008004803363615E-07,0.999999799919952,2.0008004803363615E-07,0.999999799919952,2.0008004803363615E-07,0.999999799919952,2.0008004803363615E-07,0.999999799919952,2.0008004803363615E-07,0.999999799919952,2.0008004803363615E-07,0.999999799919952,2.0008004803363615E-07,0.999999799919952,2.0008004803363615E-07,0.999999799919952,2.0008004803363615E-07,0.999999799919952,2.0008004803363615E-07,0.999999799919952,2.0008004803363615E-07,0.999999799919952,2.0008004803363615E-07,0.999999799919952,2.0008004803363615E-07,0.999999799919952,2.0008004803363615E-07,0.999999799919952,2.0008004803363615E-07,0.999999799919952,2.0008004803363615E-07,0.999999799919952,2.0008004803363615E-07,0.999999799919952,2.0008004803363615E-07,0.999999799919952,2.0008004803363615E-07,0.999999799919952,2.0008004803363615E-07,0.999999799919952,2.0008004803363615E-07,0.999999799919952,2.0008004803363615E-07,0.999999799919952,0.999999799919952,2.0008004803363615E-07,2.0008004803363615E-07,2.0008004803363615E-07,2.0008004803363615E-07,2.0008004803363615E-07,2.0008004803363615E-07,0.9999985994396638,2.0008004803363615E-07,2.0008004803363615E-07,0.999999799919952,2.0008004803363615E-07,2.0008004803363615E-07,2.0008004803363615E-07,2.0008004803363615E-07,2.0008004803363615E-07,0.9999985994396638,2.0008004803363615E-07,2.0008004803363615E-07,2.0008004803363615E-07,2.0008004803363615E-07,0.999999799919952,2.0008004803363615E-07,0.999999799919952,2.0008004803363615E-07,0.999999799919952,2.0008004803363615E-07,0.999999799919952,2.0008004803363615E-07,0.999999799919952,2.0008004803363615E-07,0.999999799919952,2.0008004803363615E-07,0.999999799919952,2.0008004803363615E-07,0.999999799919952,2.0008004803363615E-07,0.999999799919952,2.0008004803363615E-07,0.999999799919952,2.0008004803363615E-07,0.999999799919952,2.0008004803363615E-07,0.999999799919952,2.0008004803363615E-07,0.999999799919952,2.0008004803363615E-07,0.999999799919952,2.0008004803363615E-07,0.999999799919952,2.0008004803363615E-07,0.999999799919952,2.0008004803363615E-07,0.999999799919952,2.0008004803363615E-07,0.999999799919952,2.0008004803363615E-07,0.999999799919952,2.0008004803363615E-07,0.999999799919952,2.0008004803363615E-07,0.999999799919952,2.0008004803363615E-07,0.999999799919952,2.0008004803363615E-07,0.999999799919952,2.0008004803363615E-07,0.999999799919952,2.0008004803363615E-07,0.999999799919952,2.0008004803363615E-07,0.999999799919952,2.0008004803363615E-07,0.999999799919952,2.0008004803363615E-07,0.999999799919952,0.999999799919952,2.0008004803363615E-07,2.0008004803363615E-07,2.0008004803363615E-07,2.0008004803363615E-07,2.0008004803363615E-07,0.9999985994396638,2.0008004803363615E-07,2.0008004803363615E-07,2.0008004803363615E-07,2.0008004803363615E-07,0.999999799919952,2.0008004803363615E-07,0.999999799919952,2.0008004803363615E-07,0.999999799919952,2.0008004803363615E-07,0.999999799919952,2.0008004803363615E-07,0.999999799919952,2.0008004803363615E-07,0.999999799919952,2.0008004803363615E-07,0.999999799919952,2.0008004803363615E-07,0.999999799919952,2.0008004803363615E-07,0.999999799919952,2.0008004803363615E-07,0.999999799919952,2.0008004803363615E-07,0.999999799919952,2.0008004803363615E-07,0.999999799919952,2.0008004803363615E-07,0.999999799919952,2.0008004803363615E-07,0.999999799919952,2.0008004803363615E-07,0.999999799919952,2.0008004803363615E-07,0.999999799919952,2.0008004803363615E-07,0.999999799919952,2.0008004803363615E-07,0.999999799919952,2.0008004803363615E-07,0.999999799919952,2.0008004803363615E-07,0.999999799919952,2.0008004803363615E-07,0.999999799919952,2.0008004803363615E-07,0.999999799919952,2.0008004803363615E-07,0.999999799919952,2.0008004803363615E-07,0.999999799919952,2.0008004803363615E-07,0.999999799919952,2.0008004803363615E-07,0.999999799919952,2.0008004803363615E-07,0.999999799919952,2.0008004803363615E-07,0.999999799919952,0.999999799919952,2.0008004803363615E-07,2.0008004803363615E-07,2.0008004803363615E-07,2.0008004803363615E-07,2.0008004803363615E-07,0.9999985994396638,2.0008004803363615E-07,2.0008004803363615E-07,2.0008004803363615E-07,2.0008004803363615E-07,0.999999799919952,2.0008004803363615E-07,0.999999799919952,2.0008004803363615E-07,0.999999799919952,2.0008004803363615E-07,0.999999799919952,2.0008004803363615E-07,0.999999799919952,2.0008004803363615E-07,0.999999799919952,2.0008004803363615E-07,0.999999799919952,2.0008004803363615E-07,0.999999799919952,2.0008004803363615E-07,0.999999799919952,2.0008004803363615E-07,0.999999799919952,2.0008004803363615E-07,0.999999799919952,2.0008004803363615E-07,0.999999799919952,2.0008004803363615E-07,0.999999799919952,2.0008004803363615E-07,0.999999799919952,2.0008004803363615E-07,0.999999799919952,2.0008004803363615E-07,0.999999799919952,2.0008004803363615E-07,0.999999799919952,2.0008004803363615E-07,0.999999799919952,2.0008004803363615E-07,0.999999799919952,2.0008004803363615E-07,0.999999799919952,2.0008004803363615E-07,0.999999799919952,2.0008004803363615E-07,0.999999799919952,2.0008004803363615E-07,0.999999799919952,2.0008004803363615E-07,0.999999799919952,2.0008004803363615E-07,0.999999799919952,2.0008004803363615E-07,0.999999799919952,2.0008004803363615E-07,0.999999799919952,2.0008004803363615E-07,0.999999799919952,0.999999799919952,2.0008004803363615E-07,2.0008004803363615E-07,2.0008004803363615E-07,2.0008004803363615E-07,0.9999985994396638,2.0008004803363615E-07,2.0008004803363615E-07,2.0008004803363615E-07,2.0008004803363615E-07,2.0008004803363615E-07,0.999999799919952,2.0008004803363615E-07,0.999999799919952,2.0008004803363615E-07,0.999999799919952,2.0008004803363615E-07,0.999999799919952,2.0008004803363615E-07,0.999999799919952,2.0008004803363615E-07,0.999999799919952,2.0008004803363615E-07,0.999999799919952,2.0008004803363615E-07,0.999999799919952,2.0008004803363615E-07,0.999999799919952,2.0008004803363615E-07,0.999999799919952,2.0008004803363615E-07,0.999999799919952,2.0008004803363615E-07,0.999999799919952,2.0008004803363615E-07,0.999999799919952,2.0008004803363615E-07,0.999999799919952,2.0008004803363615E-07,0.999999799919952,2.0008004803363615E-07,0.999999799919952,2.0008004803363615E-07,0.999999799919952,2.0008004803363615E-07,0.999999799919952,2.0008004803363615E-07,0.999999799919952,2.0008004803363615E-07,0.999999799919952,2.0008004803363615E-07,0.999999799919952,2.0008004803363615E-07,0.999999799919952,2.0008004803363615E-07,0.999999799919952,2.0008004803363615E-07,0.999999799919952,2.0008004803363615E-07,0.999999799919952,2.0008004803363615E-07,0.999999799919952,2.0008004803363615E-07,0.999999799919952,2.0008004803363615E-07,0.999999799919952,0.999999799919952,2.0008004803363615E-07,2.0008004803363615E-07,2.0008004803363615E-07,0.9999985994396638,2.0008004803363615E-07,2.0008004803363615E-07,2.0008004803363615E-07,2.0008004803363615E-07,2.0008004803363615E-07,2.0008004803363615E-07,0.999999799919952,2.0008004803363615E-07,0.999999799919952,2.0008004803363615E-07,0.999999799919952,2.0008004803363615E-07,0.999999799919952,2.0008004803363615E-07,0.999999799919952,2.0008004803363615E-07,0.999999799919952,2.0008004803363615E-07,0.999999799919952,2.0008004803363615E-07,0.999999799919952,2.0008004803363615E-07,0.999999799919952,2.0008004803363615E-07,0.999999799919952,2.0008004803363615E-07,0.999999799919952,2.0008004803363615E-07,0.999999799919952,2.0008004803363615E-07,0.999999799919952,2.0008004803363615E-07,0.999999799919952,2.0008004803363615E-07,0.999999799919952,2.0008004803363615E-07,0.999999799919952,2.0008004803363615E-07,0.999999799919952,2.0008004803363615E-07,0.999999799919952,2.0008004803363615E-07,0.999999799919952,2.0008004803363615E-07,0.999999799919952,2.0008004803363615E-07,0.999999799919952,2.0008004803363615E-07,0.999999799919952,2.0008004803363615E-07,0.999999799919952,2.0008004803363615E-07,0.999999799919952,2.0008004803363615E-07,0.999999799919952,2.0008004803363615E-07,0.999999799919952,2.0008004803363615E-07,0.999999799919952,2.0008004803363615E-07,0.999999799919952,0.999999799919952,2.0008004803363615E-07,0.4712577389481161,0.5287410605715958,2.0008004803363615E-07,2.0008004803363615E-07,2.0008004803363615E-07,2.0008004803363615E-07,2.0008004803363615E-07,2.0008004803363615E-07,2.0008004803363615E-07,0.999999799919952,2.0008004803363615E-07,0.999999799919952,2.0008004803363615E-07,0.999999799919952,2.0008004803363615E-07,0.999999799919952,2.0008004803363615E-07,0.999999799919952,2.0008004803363615E-07,0.999999799919952,2.0008004803363615E-07,0.999999799919952,2.0008004803363615E-07,0.999999799919952,2.0008004803363615E-07,0.999999799919952,2.0008004803363615E-07,0.999999799919952,2.0008004803363615E-07,0.999999799919952,2.0008004803363615E-07,0.999999799919952,2.0008004803363615E-07,0.999999799919952,2.0008004803363615E-07,0.999999799919952,2.0008004803363615E-07,0.999999799919952,2.0008004803363615E-07,0.999999799919952,2.0008004803363615E-07,0.999999799919952,2.0008004803363615E-07,0.999999799919952,2.0008004803363615E-07,0.999999799919952,2.0008004803363615E-07,0.999999799919952,2.0008004803363615E-07,0.999999799919952,2.0008004803363615E-07,0.999999799919952,2.0008004803363615E-07,0.999999799919952,2.0008004803363615E-07,0.999999799919952,2.0008004803363615E-07,0.999999799919952,2.0008004803363615E-07,0.999999799919952,2.0008004803363615E-07,0.999999799919952,2.0008004803363615E-07,0.999999799919952,0.999999799919952,2.0008004803363615E-07,0.9999985994396638,2.0008004803363615E-07,2.0008004803363615E-07,2.0008004803363615E-07,2.0008004803363615E-07,2.0008004803363615E-07,2.0008004803363615E-07,2.0008004803363615E-07,2.0008004803363615E-07,0.999999799919952,2.0008004803363615E-07,0.999999799919952,2.0008004803363615E-07,0.999999799919952,2.0008004803363615E-07,0.999999799919952,2.0008004803363615E-07,0.999999799919952,2.0008004803363615E-07,0.999999799919952,2.0008004803363615E-07,0.999999799919952,2.0008004803363615E-07,0.999999799919952,2.0008004803363615E-07,0.999999799919952,2.0008004803363615E-07,0.999999799919952,2.0008004803363615E-07,0.999999799919952,2.0008004803363615E-07,0.999999799919952,2.0008004803363615E-07,0.999999799919952,2.0008004803363615E-07,0.999999799919952,2.0008004803363615E-07,0.999999799919952,2.0008004803363615E-07,0.999999799919952,2.0008004803363615E-07,0.999999799919952,2.0008004803363615E-07,0.999999799919952,2.0008004803363615E-07,0.999999799919952,2.0008004803363615E-07,0.999999799919952,2.0008004803363615E-07,0.999999799919952,2.0008004803363615E-07,0.999999799919952,2.0008004803363615E-07,0.999999799919952,2.0008004803363615E-07,0.999999799919952,2.0008004803363615E-07,0.999999799919952,2.0008004803363615E-07,0.999999799919952,2.0008004803363615E-07,0.999999799919952,2.0008004803363615E-07,0.999999799919952,0.999999799919952,2.0008004803363615E-07,0.9999985994396638,2.0008004803363615E-07,2.0008004803363615E-07,2.0008004803363615E-07,2.0008004803363615E-07,2.0008004803363615E-07,2.0008004803363615E-07,2.0008004803363615E-07,2.0008004803363615E-07,0.999999799919952,2.0008004803363615E-07,0.999999799919952,2.0008004803363615E-07,0.999999799919952,2.0008004803363615E-07,0.999999799919952,2.0008004803363615E-07,0.999999799919952,2.0008004803363615E-07,0.999999799919952,2.0008004803363615E-07,0.999999799919952,2.0008004803363615E-07,0.999999799919952,2.0008004803363615E-07,0.999999799919952,2.0008004803363615E-07,0.999999799919952,2.0008004803363615E-07,0.999999799919952,2.0008004803363615E-07,0.999999799919952,2.0008004803363615E-07,0.999999799919952,2.0008004803363615E-07,0.999999799919952,2.0008004803363615E-07,0.999999799919952,2.0008004803363615E-07,0.999999799919952,2.0008004803363615E-07,0.999999799919952,2.0008004803363615E-07,0.999999799919952,2.0008004803363615E-07,0.999999799919952,2.0008004803363615E-07,0.999999799919952,2.0008004803363615E-07,0.999999799919952,2.0008004803363615E-07,0.999999799919952,2.0008004803363615E-07,0.999999799919952,2.0008004803363615E-07,0.999999799919952,2.0008004803363615E-07,0.999999799919952,2.0008004803363615E-07,0.999999799919952,2.0008004803363615E-07,0.999999799919952,2.0008004803363615E-07,0.999999799919952,0.999999799919952,2.0008004803363615E-07,2.0008004803363615E-07,2.0008004803363615E-07,2.0008004803363615E-07,2.0008004803363615E-07,2.0008004803363615E-07,0.9999985994396638,2.0008004803363615E-07,2.0008004803363615E-07,0.999999799919952,2.0008004803363615E-07,2.0008004803363615E-07,2.0008004803363615E-07,2.0008004803363615E-07,2.0008004803363615E-07,0.9999985994396638,2.0008004803363615E-07,2.0008004803363615E-07,2.0008004803363615E-07,2.0008004803363615E-07,0.999999799919952,2.0008004803363615E-07,0.999999799919952,2.0008004803363615E-07,0.999999799919952,2.0008004803363615E-07,0.999999799919952,2.0008004803363615E-07,0.999999799919952,2.0008004803363615E-07,0.999999799919952,2.0008004803363615E-07,0.999999799919952,2.0008004803363615E-07,0.999999799919952,2.0008004803363615E-07,0.999999799919952,2.0008004803363615E-07,0.999999799919952,2.0008004803363615E-07,0.999999799919952,2.0008004803363615E-07,0.999999799919952,2.0008004803363615E-07,0.999999799919952,2.0008004803363615E-07,0.999999799919952,2.0008004803363615E-07,0.999999799919952,2.0008004803363615E-07,0.999999799919952,2.0008004803363615E-07,0.999999799919952,2.0008004803363615E-07,0.999999799919952,2.0008004803363615E-07,0.999999799919952,2.0008004803363615E-07,0.999999799919952,2.0008004803363615E-07,0.999999799919952,0.999999799919952,2.0008004803363615E-07,0.999999799919952,2.0008004803363615E-07,0.999999799919952,2.0008004803363615E-07,0.999999799919952,2.0008004803363615E-07,0.999999799919952,2.0008004803363615E-07,0.999999799919952,2.0008004803363615E-07,0.999999799919952,2.0008004803363615E-07,0.999999799919952,2.0008004803363615E-07,2.0008004803363615E-07,2.0008004803363615E-07,2.0008004803363615E-07,2.0008004803363615E-07,0.9999985994396638,2.0008004803363615E-07,2.0008004803363615E-07,2.0008004803363615E-07,2.0008004803363615E-07,0.999999799919952,2.0008004803363615E-07,0.999999799919952,2.0008004803363615E-07,0.999999799919952,2.0008004803363615E-07,0.999999799919952,2.0008004803363615E-07,0.999999799919952,2.0008004803363615E-07,0.999999799919952,2.0008004803363615E-07,0.999999799919952,2.0008004803363615E-07,0.999999799919952,2.0008004803363615E-07,0.999999799919952,2.0008004803363615E-07,0.999999799919952,2.0008004803363615E-07,0.999999799919952,2.0008004803363615E-07,0.999999799919952,2.0008004803363615E-07,0.999999799919952,2.0008004803363615E-07,0.999999799919952,2.0008004803363615E-07,0.999999799919952,2.0008004803363615E-07,0.999999799919952,2.0008004803363615E-07,0.999999799919952,2.0008004803363615E-07,0.999999799919952,2.0008004803363615E-07,0.999999799919952,2.0008004803363615E-07,0.999999799919952,2.0008004803363615E-07,0.999999799919952,2.0008004803363615E-07,0.999999799919952,2.0008004803363615E-07,0.999999799919952,2.0008004803363615E-07,0.999999799919952,2.0008004803363615E-07,0.999999799919952,2.0008004803363615E-07,0.999999799919952,2.0008004803363615E-07,0.999999799919952,2.0008004803363615E-07,0.999999799919952,0.999999799919952,2.0008004803363615E-07,2.0008004803363615E-07,2.0008004803363615E-07,2.0008004803363615E-07,2.0008004803363615E-07,0.9999985994396638,2.0008004803363615E-07,2.0008004803363615E-07,2.0008004803363615E-07,2.0008004803363615E-07,0.999999799919952,2.0008004803363615E-07,0.999999799919952,2.0008004803363615E-07,0.999999799919952,2.0008004803363615E-07,0.999999799919952,2.0008004803363615E-07,0.999999799919952,2.0008004803363615E-07,0.999999799919952,2.0008004803363615E-07,0.999999799919952,2.0008004803363615E-07,0.999999799919952,2.0008004803363615E-07,0.999999799919952,2.0008004803363615E-07,0.999999799919952,2.0008004803363615E-07,0.999999799919952,2.0008004803363615E-07,0.999999799919952,2.0008004803363615E-07,0.999999799919952,2.0008004803363615E-07,0.999999799919952,2.0008004803363615E-07,0.999999799919952,2.0008004803363615E-07,0.999999799919952,2.0008004803363615E-07,0.999999799919952,2.0008004803363615E-07,0.999999799919952,2.0008004803363615E-07,0.999999799919952,2.0008004803363615E-07,0.999999799919952,2.0008004803363615E-07,0.999999799919952,2.0008004803363615E-07,0.999999799919952,2.0008004803363615E-07,0.999999799919952,2.0008004803363615E-07,0.999999799919952,2.0008004803363615E-07,0.999999799919952,2.0008004803363615E-07,0.999999799919952,2.0008004803363615E-07,0.999999799919952,2.0008004803363615E-07,0.999999799919952,0.999999799919952,2.0008004803363615E-07,2.0008004803363615E-07,2.0008004803363615E-07,2.0008004803363615E-07,0.9999985994396638,2.0008004803363615E-07,2.0008004803363615E-07,2.0008004803363615E-07,2.0008004803363615E-07,2.0008004803363615E-07,0.999999799919952,2.0008004803363615E-07,0.999999799919952,2.0008004803363615E-07,0.999999799919952,2.0008004803363615E-07,0.999999799919952,2.0008004803363615E-07,0.999999799919952,2.0008004803363615E-07,0.999999799919952,2.0008004803363615E-07,0.999999799919952,2.0008004803363615E-07,0.999999799919952,2.0008004803363615E-07,0.999999799919952,2.0008004803363615E-07,0.999999799919952,2.0008004803363615E-07,0.999999799919952,2.0008004803363615E-07,0.999999799919952,2.0008004803363615E-07,0.999999799919952,2.0008004803363615E-07,0.999999799919952,2.0008004803363615E-07,0.999999799919952,2.0008004803363615E-07,0.999999799919952,2.0008004803363615E-07,0.999999799919952,2.0008004803363615E-07,0.999999799919952,2.0008004803363615E-07,0.999999799919952,2.0008004803363615E-07,0.999999799919952,2.0008004803363615E-07,0.999999799919952,2.0008004803363615E-07,0.999999799919952,2.0008004803363615E-07,0.999999799919952,2.0008004803363615E-07,0.999999799919952,2.0008004803363615E-07,0.999999799919952,2.0008004803363615E-07,0.999999799919952,2.0008004803363615E-07,0.999999799919952,2.0008004803363615E-07,0.999999799919952,0.999999799919952,2.0008004803363615E-07,2.0008004803363615E-07,2.0008004803363615E-07,0.9999985994396638,2.0008004803363615E-07,2.0008004803363615E-07,2.0008004803363615E-07,2.0008004803363615E-07,2.0008004803363615E-07,2.0008004803363615E-07,0.999999799919952,2.0008004803363615E-07,0.999999799919952,2.0008004803363615E-07,0.999999799919952,2.0008004803363615E-07,0.999999799919952,2.0008004803363615E-07,0.999999799919952,2.0008004803363615E-07,0.999999799919952,2.0008004803363615E-07,0.999999799919952,2.0008004803363615E-07,0.999999799919952,2.0008004803363615E-07,0.999999799919952,2.0008004803363615E-07,0.999999799919952,2.0008004803363615E-07,0.999999799919952,2.0008004803363615E-07,0.999999799919952,2.0008004803363615E-07,0.999999799919952,2.0008004803363615E-07,0.999999799919952,2.0008004803363615E-07,0.999999799919952,2.0008004803363615E-07,0.999999799919952,2.0008004803363615E-07,0.999999799919952,2.0008004803363615E-07,0.999999799919952,2.0008004803363615E-07,0.999999799919952,2.0008004803363615E-07,0.999999799919952,2.0008004803363615E-07,0.999999799919952,2.0008004803363615E-07,0.999999799919952,2.0008004803363615E-07,0.999999799919952,2.0008004803363615E-07,0.999999799919952,2.0008004803363615E-07,0.999999799919952,2.0008004803363615E-07,0.999999799919952,2.0008004803363615E-07,0.999999799919952,2.0008004803363615E-07,0.999999799919952,0.999999799919952,2.0008004803363615E-07,2.0008004803363615E-07,0.9999985994396638,2.0008004803363615E-07,2.0008004803363615E-07,2.0008004803363615E-07,2.0008004803363615E-07,2.0008004803363615E-07,2.0008004803363615E-07,2.0008004803363615E-07,0.999999799919952,2.0008004803363615E-07,0.999999799919952,2.0008004803363615E-07,0.999999799919952,2.0008004803363615E-07,0.999999799919952,2.0008004803363615E-07,0.999999799919952,2.0008004803363615E-07,0.999999799919952,2.0008004803363615E-07,0.999999799919952,2.0008004803363615E-07,0.999999799919952,2.0008004803363615E-07,0.999999799919952,2.0008004803363615E-07,0.999999799919952,2.0008004803363615E-07,0.999999799919952,2.0008004803363615E-07,0.999999799919952,2.0008004803363615E-07,0.999999799919952,2.0008004803363615E-07,0.999999799919952,2.0008004803363615E-07,0.999999799919952,2.0008004803363615E-07,0.999999799919952,2.0008004803363615E-07,0.999999799919952,2.0008004803363615E-07,0.999999799919952,2.0008004803363615E-07,0.999999799919952,2.0008004803363615E-07,0.999999799919952,2.0008004803363615E-07,0.999999799919952,2.0008004803363615E-07,0.999999799919952,2.0008004803363615E-07,0.999999799919952,2.0008004803363615E-07,0.999999799919952,2.0008004803363615E-07,0.999999799919952,2.0008004803363615E-07,0.999999799919952,2.0008004803363615E-07,0.999999799919952,2.0008004803363615E-07,0.999999799919952,0.999999799919952,2.0008004803363615E-07,0.9999985994396638,2.0008004803363615E-07,2.0008004803363615E-07,2.0008004803363615E-07,2.0008004803363615E-07,2.0008004803363615E-07,2.0008004803363615E-07,2.0008004803363615E-07,2.0008004803363615E-07,0.999999799919952,2.0008004803363615E-07,0.999999799919952,2.0008004803363615E-07,0.999999799919952,2.0008004803363615E-07,0.999999799919952,2.0008004803363615E-07,0.999999799919952,2.0008004803363615E-07,0.999999799919952,2.0008004803363615E-07,0.999999799919952,2.0008004803363615E-07,0.999999799919952,2.0008004803363615E-07,0.999999799919952,2.0008004803363615E-07,0.999999799919952,2.0008004803363615E-07,0.999999799919952,2.0008004803363615E-07,0.999999799919952,2.0008004803363615E-07,0.999999799919952,2.0008004803363615E-07,0.999999799919952,2.0008004803363615E-07,0.999999799919952,2.0008004803363615E-07,0.999999799919952,2.0008004803363615E-07,0.999999799919952,2.0008004803363615E-07,0.999999799919952,2.0008004803363615E-07,0.999999799919952,2.0008004803363615E-07,0.999999799919952,2.0008004803363615E-07,0.999999799919952,2.0008004803363615E-07,0.999999799919952,2.0008004803363615E-07,0.999999799919952,2.0008004803363615E-07,0.999999799919952,2.0008004803363615E-07,0.999999799919952,2.0008004803363615E-07,0.999999799919952,2.0008004803363615E-07,0.999999799919952,2.0008004803363615E-07,0.999999799919952,0.999999799919952,2.0008004803363615E-07,0.9999985994396638,2.0008004803363615E-07,2.0008004803363615E-07,2.0008004803363615E-07,2.0008004803363615E-07,2.0008004803363615E-07,2.0008004803363615E-07,2.0008004803363615E-07,2.0008004803363615E-07,0.999999799919952,2.0008004803363615E-07,0.999999799919952,2.0008004803363615E-07,0.999999799919952,2.0008004803363615E-07,0.999999799919952,2.0008004803363615E-07,0.999999799919952,2.0008004803363615E-07,0.999999799919952,2.0008004803363615E-07,0.999999799919952,2.0008004803363615E-07,0.999999799919952,2.0008004803363615E-07,0.999999799919952,2.0008004803363615E-07,0.999999799919952,2.0008004803363615E-07,0.999999799919952,2.0008004803363615E-07,0.999999799919952,2.0008004803363615E-07,0.999999799919952,2.0008004803363615E-07,0.999999799919952,2.0008004803363615E-07,0.999999799919952,2.0008004803363615E-07,0.999999799919952,2.0008004803363615E-07,0.999999799919952,2.0008004803363615E-07,0.999999799919952,2.0008004803363615E-07,0.999999799919952,2.0008004803363615E-07,0.999999799919952,2.0008004803363615E-07,0.999999799919952,2.0008004803363615E-07,0.999999799919952,2.0008004803363615E-07,0.999999799919952,2.0008004803363615E-07,0.999999799919952,2.0008004803363615E-07,0.999999799919952,2.0008004803363615E-07,0.999999799919952,2.0008004803363615E-07,0.999999799919952,2.0008004803363615E-07,0.999999799919952,0.999999799919952,2.0008004803363615E-07,2.0008004803363615E-07,2.0008004803363615E-07,2.0008004803363615E-07,2.0008004803363615E-07,2.0008004803363615E-07,0.9999985994396638,2.0008004803363615E-07,2.0008004803363615E-07,2.0008004803363615E-07,0.999999799919952,2.0008004803363615E-07,2.0008004803363615E-07,2.0008004803363615E-07,2.0008004803363615E-07,0.9999985994396638,2.0008004803363615E-07,2.0008004803363615E-07,2.0008004803363615E-07,0.999999799919952,2.0008004803363615E-07,0.999999799919952,2.0008004803363615E-07,0.999999799919952,2.0008004803363615E-07,0.999999799919952,2.0008004803363615E-07,0.999999799919952,2.0008004803363615E-07,0.999999799919952,2.0008004803363615E-07,2.0008004803363615E-07,0.999999799919952,2.0008004803363615E-07,0.999999799919952,2.0008004803363615E-07,0.999999799919952,2.0008004803363615E-07,0.999999799919952,0.999999799919952,2.0008004803363615E-07,0.999999799919952,2.0008004803363615E-07,0.999999799919952,2.0008004803363615E-07,0.999999799919952,2.0008004803363615E-07,0.999999799919952,2.0008004803363615E-07,0.999999799919952,2.0008004803363615E-07,0.999999799919952,2.0008004803363615E-07,0.999999799919952,2.0008004803363615E-07,0.999999799919952,2.0008004803363615E-07,0.999999799919952,2.0008004803363615E-07,0.999999799919952,2.0008004803363615E-07,0.999999799919952,2.0008004803363615E-07,0.999999799919952,2.0008004803363615E-07,0.999999799919952,2.0008004803363615E-07,0.999999799919952,2.0008004803363615E-07,0.999999799919952,2.0008004803363615E-07,0.999999799919952,2.0008004803363615E-07,0.999999799919952,2.0008004803363615E-07,0.999999799919952,2.0008004803363615E-07,2.0008004803363615E-07,2.0008004803363615E-07,2.0008004803363615E-07,2.0008004803363615E-07,0.9999985994396638,2.0008004803363615E-07,2.0008004803363615E-07,2.0008004803363615E-07,2.0008004803363615E-07,0.999999799919952,2.0008004803363615E-07,0.999999799919952,2.0008004803363615E-07,0.999999799919952,2.0008004803363615E-07,0.999999799919952,2.0008004803363615E-07,0.999999799919952,2.0008004803363615E-07,0.999999799919952,2.0008004803363615E-07,0.999999799919952,2.0008004803363615E-07,0.999999799919952,2.0008004803363615E-07,0.999999799919952,2.0008004803363615E-07,0.999999799919952,2.0008004803363615E-07,0.999999799919952,2.0008004803363615E-07,0.999999799919952,2.0008004803363615E-07,0.999999799919952,2.0008004803363615E-07,0.999999799919952,2.0008004803363615E-07,0.999999799919952,2.0008004803363615E-07,0.999999799919952,2.0008004803363615E-07,0.999999799919952,2.0008004803363615E-07,0.999999799919952,2.0008004803363615E-07,0.999999799919952,2.0008004803363615E-07,0.999999799919952,2.0008004803363615E-07,0.999999799919952,0.999999799919952,2.0008004803363615E-07,0.999999799919952,2.0008004803363615E-07,0.999999799919952,2.0008004803363615E-07,0.999999799919952,2.0008004803363615E-07,0.999999799919952,2.0008004803363615E-07,0.999999799919952,2.0008004803363615E-07,0.999999799919952,2.0008004803363615E-07,0.999999799919952,2.0008004803363615E-07,2.0008004803363615E-07,2.0008004803363615E-07,2.0008004803363615E-07,2.0008004803363615E-07,0.9999985994396638,2.0008004803363615E-07,2.0008004803363615E-07,2.0008004803363615E-07,2.0008004803363615E-07,0.999999799919952,2.0008004803363615E-07,0.999999799919952,2.0008004803363615E-07,0.999999799919952,2.0008004803363615E-07,0.999999799919952,2.0008004803363615E-07,0.999999799919952,2.0008004803363615E-07,0.999999799919952,2.0008004803363615E-07,0.999999799919952,2.0008004803363615E-07,0.999999799919952,2.0008004803363615E-07,0.999999799919952,2.0008004803363615E-07,0.999999799919952,2.0008004803363615E-07,0.999999799919952,2.0008004803363615E-07,0.999999799919952,2.0008004803363615E-07,0.999999799919952,2.0008004803363615E-07,0.999999799919952,2.0008004803363615E-07,0.999999799919952,2.0008004803363615E-07,0.999999799919952,2.0008004803363615E-07,0.999999799919952,2.0008004803363615E-07,0.999999799919952,2.0008004803363615E-07,0.999999799919952,2.0008004803363615E-07,0.999999799919952,2.0008004803363615E-07,0.999999799919952,2.0008004803363615E-07,0.999999799919952,2.0008004803363615E-07,0.999999799919952,2.0008004803363615E-07,0.999999799919952,2.0008004803363615E-07,0.999999799919952,2.0008004803363615E-07,0.999999799919952,2.0008004803363615E-07,0.999999799919952,2.0008004803363615E-07,0.999999799919952,0.999999799919952,2.0008004803363615E-07,2.0008004803363615E-07,2.0008004803363615E-07,2.0008004803363615E-07,0.9999985994396638,2.0008004803363615E-07,2.0008004803363615E-07,2.0008004803363615E-07,2.0008004803363615E-07,2.0008004803363615E-07,0.999999799919952,2.0008004803363615E-07,0.999999799919952,2.0008004803363615E-07,0.999999799919952,2.0008004803363615E-07,0.999999799919952,2.0008004803363615E-07,0.999999799919952,2.0008004803363615E-07,0.999999799919952,2.0008004803363615E-07,0.999999799919952,2.0008004803363615E-07,0.999999799919952,2.0008004803363615E-07,0.999999799919952,2.0008004803363615E-07,0.999999799919952,2.0008004803363615E-07,0.999999799919952,2.0008004803363615E-07,0.999999799919952,2.0008004803363615E-07,0.999999799919952,2.0008004803363615E-07,0.999999799919952,2.0008004803363615E-07,0.999999799919952,2.0008004803363615E-07,0.999999799919952,2.0008004803363615E-07,0.999999799919952,2.0008004803363615E-07,0.999999799919952,2.0008004803363615E-07,0.999999799919952,2.0008004803363615E-07,0.999999799919952,2.0008004803363615E-07,0.999999799919952,2.0008004803363615E-07,0.999999799919952,2.0008004803363615E-07,0.999999799919952,2.0008004803363615E-07,0.999999799919952,2.0008004803363615E-07,0.999999799919952,2.0008004803363615E-07,0.999999799919952,2.0008004803363615E-07,0.999999799919952,2.0008004803363615E-07,0.999999799919952,0.999999799919952,2.0008004803363615E-07,2.0008004803363615E-07,2.0008004803363615E-07,0.9999985994396638,2.0008004803363615E-07,2.0008004803363615E-07,2.0008004803363615E-07,2.0008004803363615E-07,2.0008004803363615E-07,2.0008004803363615E-07,0.999999799919952,2.0008004803363615E-07,0.999999799919952,2.0008004803363615E-07,0.999999799919952,2.0008004803363615E-07,0.999999799919952,2.0008004803363615E-07,0.999999799919952,2.0008004803363615E-07,0.999999799919952,2.0008004803363615E-07,0.999999799919952,2.0008004803363615E-07,0.999999799919952,2.0008004803363615E-07,0.999999799919952,2.0008004803363615E-07,0.999999799919952,2.0008004803363615E-07,0.999999799919952,2.0008004803363615E-07,0.999999799919952,2.0008004803363615E-07,0.999999799919952,2.0008004803363615E-07,0.999999799919952,2.0008004803363615E-07,0.999999799919952,2.0008004803363615E-07,0.999999799919952,2.0008004803363615E-07,0.999999799919952,2.0008004803363615E-07,0.999999799919952,2.0008004803363615E-07,0.999999799919952,2.0008004803363615E-07,0.999999799919952,2.0008004803363615E-07,0.999999799919952,2.0008004803363615E-07,0.999999799919952,2.0008004803363615E-07,0.999999799919952,2.0008004803363615E-07,0.999999799919952,2.0008004803363615E-07,0.999999799919952,2.0008004803363615E-07,0.999999799919952,2.0008004803363615E-07,0.999999799919952,2.0008004803363615E-07,0.999999799919952,0.999999799919952,2.0008004803363615E-07,2.0008004803363615E-07,0.9999985994396638,2.0008004803363615E-07,2.0008004803363615E-07,2.0008004803363615E-07,2.0008004803363615E-07,2.0008004803363615E-07,2.0008004803363615E-07,2.0008004803363615E-07,0.999999799919952,2.0008004803363615E-07,0.999999799919952,2.0008004803363615E-07,0.999999799919952,2.0008004803363615E-07,0.999999799919952,2.0008004803363615E-07,0.999999799919952,2.0008004803363615E-07,0.999999799919952,2.0008004803363615E-07,0.999999799919952,2.0008004803363615E-07,0.999999799919952,2.0008004803363615E-07,0.999999799919952,2.0008004803363615E-07,0.999999799919952,2.0008004803363615E-07,0.999999799919952,2.0008004803363615E-07,0.999999799919952,2.0008004803363615E-07,0.999999799919952,2.0008004803363615E-07,0.999999799919952,2.0008004803363615E-07,0.999999799919952,2.0008004803363615E-07,0.999999799919952,2.0008004803363615E-07,0.999999799919952,2.0008004803363615E-07,0.999999799919952,2.0008004803363615E-07,0.999999799919952,2.0008004803363615E-07,0.999999799919952,2.0008004803363615E-07,0.999999799919952,2.0008004803363615E-07,0.999999799919952,2.0008004803363615E-07,0.999999799919952,2.0008004803363615E-07,0.999999799919952,2.0008004803363615E-07,0.999999799919952,2.0008004803363615E-07,0.999999799919952,2.0008004803363615E-07,0.999999799919952,2.0008004803363615E-07,0.999999799919952,0.999999799919952,2.0008004803363615E-07,0.9999985994396638,2.0008004803363615E-07,2.0008004803363615E-07,2.0008004803363615E-07,2.0008004803363615E-07,2.0008004803363615E-07,2.0008004803363615E-07,2.0008004803363615E-07,2.0008004803363615E-07,0.999999799919952,2.0008004803363615E-07,0.999999799919952,2.0008004803363615E-07,0.999999799919952,2.0008004803363615E-07,0.999999799919952,2.0008004803363615E-07,0.999999799919952,2.0008004803363615E-07,0.999999799919952,2.0008004803363615E-07,0.999999799919952,2.0008004803363615E-07,0.999999799919952,2.0008004803363615E-07,0.999999799919952,2.0008004803363615E-07,0.999999799919952,2.0008004803363615E-07,0.999999799919952,2.0008004803363615E-07,0.999999799919952,2.0008004803363615E-07,0.999999799919952,2.0008004803363615E-07,0.999999799919952,2.0008004803363615E-07,0.999999799919952,2.0008004803363615E-07,0.999999799919952,2.0008004803363615E-07,0.999999799919952,2.0008004803363615E-07,0.999999799919952,2.0008004803363615E-07,0.999999799919952,2.0008004803363615E-07,0.999999799919952,2.0008004803363615E-07,0.999999799919952,2.0008004803363615E-07,0.999999799919952,2.0008004803363615E-07,0.999999799919952,2.0008004803363615E-07,0.999999799919952,2.0008004803363615E-07,0.999999799919952,2.0008004803363615E-07,0.999999799919952,2.0008004803363615E-07,0.999999799919952,2.0008004803363615E-07,0.999999799919952,0.999999799919952,2.0008004803363615E-07,0.9999985994396638,2.0008004803363615E-07,2.0008004803363615E-07,2.0008004803363615E-07,2.0008004803363615E-07,2.0008004803363615E-07,2.0008004803363615E-07,2.0008004803363615E-07,2.0008004803363615E-07,0.999999799919952,2.0008004803363615E-07,0.999999799919952,2.0008004803363615E-07,0.999999799919952,2.0008004803363615E-07,0.999999799919952,2.0008004803363615E-07,0.999999799919952,2.0008004803363615E-07,0.999999799919952,2.0008004803363615E-07,0.999999799919952,2.0008004803363615E-07,0.999999799919952,2.0008004803363615E-07,0.999999799919952,2.0008004803363615E-07,0.999999799919952,2.0008004803363615E-07,0.999999799919952,2.0008004803363615E-07,0.999999799919952,2.0008004803363615E-07,0.999999799919952,2.0008004803363615E-07,0.999999799919952,2.0008004803363615E-07,0.999999799919952,2.0008004803363615E-07,0.999999799919952,2.0008004803363615E-07,0.999999799919952,2.0008004803363615E-07,0.999999799919952,2.0008004803363615E-07,0.999999799919952,2.0008004803363615E-07,0.999999799919952,2.0008004803363615E-07,0.999999799919952,2.0008004803363615E-07,0.999999799919952,2.0008004803363615E-07,0.999999799919952,2.0008004803363615E-07,0.999999799919952,2.0008004803363615E-07,0.999999799919952,2.0008004803363615E-07,0.999999799919952,2.0008004803363615E-07,0.999999799919952,2.0008004803363615E-07,0.999999799919952,0.999999799919952,2.0008004803363615E-07,2.0008004803363615E-07,2.0008004803363615E-07,2.0008004803363615E-07,2.0008004803363615E-07,2.0008004803363615E-07,2.0008004803363615E-07,0.9999985994396638,2.0008004803363615E-07,2.0008004803363615E-07,0.999999799919952,2.0008004803363615E-07,2.0008004803363615E-07,2.0008004803363615E-07,2.0008004803363615E-07,0.9999985994396638,2.0008004803363615E-07,2.0008004803363615E-07,2.0008004803363615E-07,0.999999799919952,2.0008004803363615E-07,0.999999799919952,2.0008004803363615E-07,0.999999799919952,2.0008004803363615E-07,0.999999799919952,2.0008004803363615E-07,0.999999799919952,2.0008004803363615E-07,0.999999799919952,2.0008004803363615E-07,0.999999799919952,2.0008004803363615E-07,0.999999799919952,2.0008004803363615E-07,0.999999799919952,2.0008004803363615E-07,0.999999799919952,2.0008004803363615E-07,0.999999799919952,2.0008004803363615E-07,0.999999799919952,2.0008004803363615E-07,0.999999799919952,2.0008004803363615E-07,0.999999799919952,2.0008004803363615E-07,0.999999799919952,2.0008004803363615E-07,0.999999799919952,2.0008004803363615E-07,0.999999799919952,2.0008004803363615E-07,0.999999799919952,2.0008004803363615E-07,0.999999799919952,2.0008004803363615E-07,0.999999799919952,2.0008004803363615E-07,0.999999799919952,2.0008004803363615E-07,0.999999799919952,2.0008004803363615E-07,0.999999799919952,2.0008004803363615E-07,0.999999799919952,2.0008004803363615E-07,0.999999799919952,2.0008004803363615E-07,0.999999799919952,2.0008004803363615E-07,0.999999799919952,2.0008004803363615E-07,0.999999799919952,2.0008004803363615E-07,2.0008004803363615E-07,0.999999799919952,2.0008004803363615E-07,2.0008004803363615E-07,2.0008004803363615E-07,2.0008004803363615E-07,0.9999985994396638,2.0008004803363615E-07,2.0008004803363615E-07,2.0008004803363615E-07,2.0008004803363615E-07,0.999999799919952,2.0008004803363615E-07,0.999999799919952,2.0008004803363615E-07,0.999999799919952,2.0008004803363615E-07,0.999999799919952,2.0008004803363615E-07,0.999999799919952,2.0008004803363615E-07,0.999999799919952,2.0008004803363615E-07,0.999999799919952,2.0008004803363615E-07,0.999999799919952,2.0008004803363615E-07,0.999999799919952,2.0008004803363615E-07,0.999999799919952,2.0008004803363615E-07,0.999999799919952,2.0008004803363615E-07,0.999999799919952,2.0008004803363615E-07,0.999999799919952,2.0008004803363615E-07,0.999999799919952,2.0008004803363615E-07,0.999999799919952,2.0008004803363615E-07,0.999999799919952,2.0008004803363615E-07,0.999999799919952,2.0008004803363615E-07,0.999999799919952,2.0008004803363615E-07,0.999999799919952,2.0008004803363615E-07,0.999999799919952,2.0008004803363615E-07,0.999999799919952,0.999999799919952,2.0008004803363615E-07,0.999999799919952,2.0008004803363615E-07,0.999999799919952,2.0008004803363615E-07,0.999999799919952,2.0008004803363615E-07,0.999999799919952,2.0008004803363615E-07,0.999999799919952,2.0008004803363615E-07,0.999999799919952,2.0008004803363615E-07,0.999999799919952,2.0008004803363615E-07,2.0008004803363615E-07,2.0008004803363615E-07,2.0008004803363615E-07,2.0008004803363615E-07,0.9999985994396638,2.0008004803363615E-07,2.0008004803363615E-07,2.0008004803363615E-07,2.0008004803363615E-07,0.999999799919952,2.0008004803363615E-07,0.999999799919952,2.0008004803363615E-07,0.999999799919952,2.0008004803363615E-07,0.999999799919952,2.0008004803363615E-07,0.999999799919952,2.0008004803363615E-07,0.999999799919952,2.0008004803363615E-07,0.999999799919952,2.0008004803363615E-07,0.999999799919952,2.0008004803363615E-07,0.999999799919952,2.0008004803363615E-07,0.999999799919952,2.0008004803363615E-07,0.999999799919952,2.0008004803363615E-07,0.999999799919952,2.0008004803363615E-07,0.999999799919952,2.0008004803363615E-07,0.999999799919952,2.0008004803363615E-07,0.999999799919952,2.0008004803363615E-07,0.999999799919952,2.0008004803363615E-07,0.999999799919952,2.0008004803363615E-07,0.999999799919952,2.0008004803363615E-07,0.999999799919952,2.0008004803363615E-07,0.999999799919952,2.0008004803363615E-07,0.999999799919952,2.0008004803363615E-07,0.999999799919952,2.0008004803363615E-07,0.999999799919952,2.0008004803363615E-07,0.999999799919952,2.0008004803363615E-07,0.999999799919952,2.0008004803363615E-07,0.999999799919952,2.0008004803363615E-07,0.999999799919952,2.0008004803363615E-07,0.999999799919952,0.999999799919952,2.0008004803363615E-07,2.0008004803363615E-07,2.0008004803363615E-07,2.0008004803363615E-07,0.9999985994396638,2.0008004803363615E-07,2.0008004803363615E-07,2.0008004803363615E-07,2.0008004803363615E-07,2.0008004803363615E-07,0.999999799919952,2.0008004803363615E-07,0.999999799919952,2.0008004803363615E-07,0.999999799919952,2.0008004803363615E-07,0.999999799919952,2.0008004803363615E-07,0.999999799919952,2.0008004803363615E-07,0.999999799919952,2.0008004803363615E-07,0.999999799919952,2.0008004803363615E-07,0.999999799919952,2.0008004803363615E-07,0.999999799919952,2.0008004803363615E-07,0.999999799919952,2.0008004803363615E-07,0.999999799919952,2.0008004803363615E-07,0.999999799919952,2.0008004803363615E-07,0.999999799919952,2.0008004803363615E-07,0.999999799919952,2.0008004803363615E-07,0.999999799919952,2.0008004803363615E-07,0.999999799919952,2.0008004803363615E-07,0.999999799919952,2.0008004803363615E-07,0.999999799919952,2.0008004803363615E-07,0.999999799919952,2.0008004803363615E-07,0.999999799919952,2.0008004803363615E-07,0.999999799919952,2.0008004803363615E-07,0.999999799919952,2.0008004803363615E-07,0.999999799919952,2.0008004803363615E-07,0.999999799919952,2.0008004803363615E-07,0.999999799919952,2.0008004803363615E-07,0.999999799919952,2.0008004803363615E-07,0.999999799919952,2.0008004803363615E-07,0.999999799919952,0.999999799919952,2.0008004803363615E-07,2.0008004803363615E-07,2.0008004803363615E-07,0.9999985994396638,2.0008004803363615E-07,2.0008004803363615E-07,2.0008004803363615E-07,2.0008004803363615E-07,2.0008004803363615E-07,2.0008004803363615E-07,0.999999799919952,2.0008004803363615E-07,0.999999799919952,2.0008004803363615E-07,0.999999799919952,2.0008004803363615E-07,0.999999799919952,2.0008004803363615E-07,0.999999799919952,2.0008004803363615E-07,0.999999799919952,2.0008004803363615E-07,0.999999799919952,2.0008004803363615E-07,0.999999799919952,2.0008004803363615E-07,0.999999799919952,2.0008004803363615E-07,0.999999799919952,2.0008004803363615E-07,0.999999799919952,2.0008004803363615E-07,0.999999799919952,2.0008004803363615E-07,0.999999799919952,2.0008004803363615E-07,0.999999799919952,2.0008004803363615E-07,0.999999799919952,2.0008004803363615E-07,0.999999799919952,2.0008004803363615E-07,0.999999799919952,2.0008004803363615E-07,0.999999799919952,2.0008004803363615E-07,0.999999799919952,2.0008004803363615E-07,0.999999799919952,2.0008004803363615E-07,0.999999799919952,2.0008004803363615E-07,0.999999799919952,2.0008004803363615E-07,0.999999799919952,2.0008004803363615E-07,0.999999799919952,2.0008004803363615E-07,0.999999799919952,2.0008004803363615E-07,0.999999799919952,2.0008004803363615E-07,0.999999799919952,2.0008004803363615E-07,0.999999799919952,0.999999799919952,2.0008004803363615E-07,2.0008004803363615E-07,0.9999985994396638,2.0008004803363615E-07,2.0008004803363615E-07,2.0008004803363615E-07,2.0008004803363615E-07,2.0008004803363615E-07,2.0008004803363615E-07,2.0008004803363615E-07,0.999999799919952,2.0008004803363615E-07,0.999999799919952,2.0008004803363615E-07,0.999999799919952,2.0008004803363615E-07,0.999999799919952,2.0008004803363615E-07,0.999999799919952,2.0008004803363615E-07,0.999999799919952,2.0008004803363615E-07,0.999999799919952,2.0008004803363615E-07,0.999999799919952,2.0008004803363615E-07,0.999999799919952,2.0008004803363615E-07,0.999999799919952,2.0008004803363615E-07,0.999999799919952,2.0008004803363615E-07,0.999999799919952,2.0008004803363615E-07,0.999999799919952,2.0008004803363615E-07,0.999999799919952,2.0008004803363615E-07,0.999999799919952,2.0008004803363615E-07,0.999999799919952,2.0008004803363615E-07,0.999999799919952,2.0008004803363615E-07,0.999999799919952,2.0008004803363615E-07,0.999999799919952,2.0008004803363615E-07,0.999999799919952,2.0008004803363615E-07,0.999999799919952,2.0008004803363615E-07,0.999999799919952,2.0008004803363615E-07,0.999999799919952,2.0008004803363615E-07,0.999999799919952,2.0008004803363615E-07,0.999999799919952,2.0008004803363615E-07,0.999999799919952,2.0008004803363615E-07,0.999999799919952,2.0008004803363615E-07,0.999999799919952,0.999999799919952,2.0008004803363615E-07,0.9999985994396638,2.0008004803363615E-07,2.0008004803363615E-07,2.0008004803363615E-07,2.0008004803363615E-07,2.0008004803363615E-07,2.0008004803363615E-07,2.0008004803363615E-07,2.0008004803363615E-07,0.999999799919952,2.0008004803363615E-07,0.999999799919952,2.0008004803363615E-07,0.999999799919952,2.0008004803363615E-07,0.999999799919952,2.0008004803363615E-07,0.999999799919952,2.0008004803363615E-07,0.999999799919952,2.0008004803363615E-07,0.999999799919952,2.0008004803363615E-07,0.999999799919952,2.0008004803363615E-07,0.999999799919952,2.0008004803363615E-07,0.999999799919952,2.0008004803363615E-07,0.999999799919952,2.0008004803363615E-07,0.999999799919952,2.0008004803363615E-07,0.999999799919952,2.0008004803363615E-07,0.999999799919952,2.0008004803363615E-07,0.999999799919952,2.0008004803363615E-07,0.999999799919952,2.0008004803363615E-07,0.999999799919952,2.0008004803363615E-07,0.999999799919952,2.0008004803363615E-07,0.999999799919952,2.0008004803363615E-07,0.999999799919952,2.0008004803363615E-07,0.999999799919952,2.0008004803363615E-07,0.999999799919952,2.0008004803363615E-07,0.999999799919952,2.0008004803363615E-07,0.999999799919952,2.0008004803363615E-07,0.999999799919952,2.0008004803363615E-07,0.999999799919952,2.0008004803363615E-07,0.999999799919952,2.0008004803363615E-07,0.999999799919952,0.999999799919952,2.0008004803363615E-07,0.9999985994396638,2.0008004803363615E-07,2.0008004803363615E-07,2.0008004803363615E-07,2.0008004803363615E-07,2.0008004803363615E-07,2.0008004803363615E-07,2.0008004803363615E-07,2.0008004803363615E-07,0.999999799919952,2.0008004803363615E-07,0.999999799919952,2.0008004803363615E-07,0.999999799919952,2.0008004803363615E-07,0.999999799919952,2.0008004803363615E-07,0.999999799919952,2.0008004803363615E-07,0.999999799919952,2.0008004803363615E-07,0.999999799919952,2.0008004803363615E-07,0.999999799919952,2.0008004803363615E-07,0.999999799919952,2.0008004803363615E-07,0.999999799919952,2.0008004803363615E-07,0.999999799919952,2.0008004803363615E-07,0.999999799919952,2.0008004803363615E-07,0.999999799919952,2.0008004803363615E-07,0.999999799919952,2.0008004803363615E-07,0.999999799919952,2.0008004803363615E-07,0.999999799919952,2.0008004803363615E-07,0.999999799919952,2.0008004803363615E-07,0.999999799919952,2.0008004803363615E-07,0.999999799919952,2.0008004803363615E-07,0.999999799919952,2.0008004803363615E-07,0.999999799919952,2.0008004803363615E-07,0.999999799919952,2.0008004803363615E-07,0.999999799919952,2.0008004803363615E-07,0.999999799919952,2.0008004803363615E-07,0.999999799919952,2.0008004803363615E-07,0.999999799919952,2.0008004803363615E-07,0.999999799919952,2.0008004803363615E-07,0.999999799919952,0.999999799919952,2.0008004803363615E-07,2.0008004803363615E-07,2.0008004803363615E-07,2.0008004803363615E-07,2.0008004803363615E-07,2.0008004803363615E-07,2.0008004803363615E-07,0.9999985994396638,2.0008004803363615E-07,2.0008004803363615E-07,0.999999799919952,2.0008004803363615E-07,2.0008004803363615E-07,2.0008004803363615E-07,2.0008004803363615E-07,2.0008004803363615E-07,2.0008004803363615E-07,2.0008004803363615E-07,0.9999985994396638,0.999999799919952,2.0008004803363615E-07,0.999999799919952,2.0008004803363615E-07,0.999999799919952,2.0008004803363615E-07,0.999999799919952,2.0008004803363615E-07,0.999999799919952,2.0008004803363615E-07,0.999999799919952,2.0008004803363615E-07,0.999999799919952,2.0008004803363615E-07,0.999999799919952,2.0008004803363615E-07,0.999999799919952,2.0008004803363615E-07,0.999999799919952,2.0008004803363615E-07,0.999999799919952,2.0008004803363615E-07,0.999999799919952,2.0008004803363615E-07,0.999999799919952,2.0008004803363615E-07,0.999999799919952,2.0008004803363615E-07,0.999999799919952,2.0008004803363615E-07,0.999999799919952,2.0008004803363615E-07,0.999999799919952,2.0008004803363615E-07,0.999999799919952,2.0008004803363615E-07,0.999999799919952,2.0008004803363615E-07,0.999999799919952,2.0008004803363615E-07,0.999999799919952,2.0008004803363615E-07,0.999999799919952,2.0008004803363615E-07,0.999999799919952,2.0008004803363615E-07,0.999999799919952,2.0008004803363615E-07,0.999999799919952,2.0008004803363615E-07,0.999999799919952,2.0008004803363615E-07,0.999999799919952,2.0008004803363615E-07,0.999999799919952,2.0008004803363615E-07,2.0008004803363615E-07,0.999999799919952,2.0008004803363615E-07,2.0008004803363615E-07,2.0008004803363615E-07,2.0008004803363615E-07,0.9999985994396638,2.0008004803363615E-07,2.0008004803363615E-07,2.0008004803363615E-07,0.999999799919952,2.0008004803363615E-07,0.999999799919952,2.0008004803363615E-07,0.999999799919952,2.0008004803363615E-07,0.999999799919952,2.0008004803363615E-07,0.999999799919952,2.0008004803363615E-07,0.999999799919952,2.0008004803363615E-07,2.0008004803363615E-07,0.999999799919952,2.0008004803363615E-07,0.999999799919952,2.0008004803363615E-07,0.999999799919952,2.0008004803363615E-07,0.999999799919952,0.999999799919952,2.0008004803363615E-07,0.999999799919952,2.0008004803363615E-07,0.999999799919952,2.0008004803363615E-07,0.999999799919952,2.0008004803363615E-07,0.999999799919952,2.0008004803363615E-07,0.999999799919952,2.0008004803363615E-07,0.999999799919952,2.0008004803363615E-07,0.999999799919952,2.0008004803363615E-07,0.999999799919952,2.0008004803363615E-07,0.999999799919952,2.0008004803363615E-07,0.999999799919952,2.0008004803363615E-07,0.999999799919952,2.0008004803363615E-07,0.999999799919952,2.0008004803363615E-07,0.999999799919952,2.0008004803363615E-07,0.999999799919952,2.0008004803363615E-07,0.999999799919952,2.0008004803363615E-07,0.999999799919952,2.0008004803363615E-07,0.999999799919952,2.0008004803363615E-07,0.999999799919952,2.0008004803363615E-07,2.0008004803363615E-07,2.0008004803363615E-07,2.0008004803363615E-07,2.0008004803363615E-07,0.9999985994396638,2.0008004803363615E-07,2.0008004803363615E-07,2.0008004803363615E-07,2.0008004803363615E-07,0.999999799919952,2.0008004803363615E-07,0.999999799919952,2.0008004803363615E-07,0.999999799919952,2.0008004803363615E-07,0.999999799919952,2.0008004803363615E-07,0.999999799919952,2.0008004803363615E-07,0.999999799919952,2.0008004803363615E-07,0.999999799919952,2.0008004803363615E-07,0.999999799919952,2.0008004803363615E-07,0.999999799919952,2.0008004803363615E-07,0.999999799919952,2.0008004803363615E-07,0.999999799919952,2.0008004803363615E-07,0.999999799919952,2.0008004803363615E-07,0.999999799919952,2.0008004803363615E-07,0.999999799919952,2.0008004803363615E-07,0.999999799919952,2.0008004803363615E-07,0.999999799919952,2.0008004803363615E-07,0.999999799919952,2.0008004803363615E-07,0.999999799919952,2.0008004803363615E-07,0.999999799919952,2.0008004803363615E-07,0.999999799919952,2.0008004803363615E-07,0.999999799919952,2.0008004803363615E-07,0.999999799919952,2.0008004803363615E-07,0.999999799919952,2.0008004803363615E-07,0.999999799919952,2.0008004803363615E-07,0.999999799919952,2.0008004803363615E-07,0.999999799919952,2.0008004803363615E-07,0.999999799919952,2.0008004803363615E-07,0.999999799919952,0.999999799919952,2.0008004803363615E-07,2.0008004803363615E-07,2.0008004803363615E-07,2.0008004803363615E-07,0.9999985994396638,2.0008004803363615E-07,2.0008004803363615E-07,2.0008004803363615E-07,2.0008004803363615E-07,2.0008004803363615E-07,0.999999799919952,2.0008004803363615E-07,0.999999799919952,2.0008004803363615E-07,0.999999799919952,2.0008004803363615E-07,0.999999799919952,2.0008004803363615E-07,0.999999799919952,2.0008004803363615E-07,0.999999799919952,2.0008004803363615E-07,0.999999799919952,2.0008004803363615E-07,0.999999799919952,2.0008004803363615E-07,0.999999799919952,2.0008004803363615E-07,0.999999799919952,2.0008004803363615E-07,0.999999799919952,2.0008004803363615E-07,0.999999799919952,2.0008004803363615E-07,0.999999799919952,2.0008004803363615E-07,0.999999799919952,2.0008004803363615E-07,0.999999799919952,2.0008004803363615E-07,0.999999799919952,2.0008004803363615E-07,0.999999799919952,2.0008004803363615E-07,0.999999799919952,2.0008004803363615E-07,0.999999799919952,2.0008004803363615E-07,0.999999799919952,2.0008004803363615E-07,0.999999799919952,2.0008004803363615E-07,0.999999799919952,2.0008004803363615E-07,0.999999799919952,2.0008004803363615E-07,0.999999799919952,2.0008004803363615E-07,0.999999799919952,2.0008004803363615E-07,0.999999799919952,2.0008004803363615E-07,0.999999799919952,2.0008004803363615E-07,0.999999799919952,0.999999799919952,2.0008004803363615E-07,2.0008004803363615E-07,2.0008004803363615E-07,0.9999985994396638,2.0008004803363615E-07,2.0008004803363615E-07,2.0008004803363615E-07,2.0008004803363615E-07,2.0008004803363615E-07,2.0008004803363615E-07,0.999999799919952,2.0008004803363615E-07,0.999999799919952,2.0008004803363615E-07,0.999999799919952,2.0008004803363615E-07,0.999999799919952,2.0008004803363615E-07,0.999999799919952,2.0008004803363615E-07,0.999999799919952,2.0008004803363615E-07,0.999999799919952,2.0008004803363615E-07,0.999999799919952,2.0008004803363615E-07,0.999999799919952,2.0008004803363615E-07,0.999999799919952,2.0008004803363615E-07,0.999999799919952,2.0008004803363615E-07,0.999999799919952,2.0008004803363615E-07,0.999999799919952,2.0008004803363615E-07,0.999999799919952,2.0008004803363615E-07,0.999999799919952,2.0008004803363615E-07,0.999999799919952,2.0008004803363615E-07,0.999999799919952,2.0008004803363615E-07,0.999999799919952,2.0008004803363615E-07,0.999999799919952,2.0008004803363615E-07,0.999999799919952,2.0008004803363615E-07,0.999999799919952,2.0008004803363615E-07,0.999999799919952,2.0008004803363615E-07,0.999999799919952,2.0008004803363615E-07,0.999999799919952,2.0008004803363615E-07,0.999999799919952,2.0008004803363615E-07,0.999999799919952,2.0008004803363615E-07,0.999999799919952,2.0008004803363615E-07,0.999999799919952,0.999999799919952,2.0008004803363615E-07,2.0008004803363615E-07,0.9999985994396638,2.0008004803363615E-07,2.0008004803363615E-07,2.0008004803363615E-07,2.0008004803363615E-07,2.0008004803363615E-07,2.0008004803363615E-07,2.0008004803363615E-07,0.999999799919952,2.0008004803363615E-07,0.999999799919952,2.0008004803363615E-07,0.999999799919952,2.0008004803363615E-07,0.999999799919952,2.0008004803363615E-07,0.999999799919952,2.0008004803363615E-07,0.999999799919952,2.0008004803363615E-07,0.999999799919952,2.0008004803363615E-07,0.999999799919952,2.0008004803363615E-07,0.999999799919952,2.0008004803363615E-07,0.999999799919952,2.0008004803363615E-07,0.999999799919952,2.0008004803363615E-07,0.999999799919952,2.0008004803363615E-07,0.999999799919952,2.0008004803363615E-07,0.999999799919952,2.0008004803363615E-07,0.999999799919952,2.0008004803363615E-07,0.999999799919952,2.0008004803363615E-07,0.999999799919952,2.0008004803363615E-07,0.999999799919952,2.0008004803363615E-07,0.999999799919952,2.0008004803363615E-07,0.999999799919952,2.0008004803363615E-07,0.999999799919952,2.0008004803363615E-07,0.999999799919952,2.0008004803363615E-07,0.999999799919952,2.0008004803363615E-07,0.999999799919952,2.0008004803363615E-07,0.999999799919952,2.0008004803363615E-07,0.999999799919952,2.0008004803363615E-07,0.999999799919952,2.0008004803363615E-07,0.999999799919952,0.999999799919952,2.0008004803363615E-07,0.9999985994396638,2.0008004803363615E-07,2.0008004803363615E-07,2.0008004803363615E-07,2.0008004803363615E-07,2.0008004803363615E-07,2.0008004803363615E-07,2.0008004803363615E-07,2.0008004803363615E-07,0.999999799919952,2.0008004803363615E-07,0.999999799919952,2.0008004803363615E-07,0.999999799919952,2.0008004803363615E-07,0.999999799919952,2.0008004803363615E-07,0.999999799919952,2.0008004803363615E-07,0.999999799919952,2.0008004803363615E-07,0.999999799919952,2.0008004803363615E-07,0.999999799919952,2.0008004803363615E-07,0.999999799919952,2.0008004803363615E-07,0.999999799919952,2.0008004803363615E-07,0.999999799919952,2.0008004803363615E-07,0.999999799919952,2.0008004803363615E-07,0.999999799919952,2.0008004803363615E-07,0.999999799919952,2.0008004803363615E-07,0.999999799919952,2.0008004803363615E-07,0.999999799919952,2.0008004803363615E-07,0.999999799919952,2.0008004803363615E-07,0.999999799919952,2.0008004803363615E-07,0.999999799919952,2.0008004803363615E-07,0.999999799919952,2.0008004803363615E-07,0.999999799919952,2.0008004803363615E-07,0.999999799919952,2.0008004803363615E-07,0.999999799919952,2.0008004803363615E-07,0.999999799919952,2.0008004803363615E-07,0.999999799919952,2.0008004803363615E-07,0.999999799919952,2.0008004803363615E-07,0.999999799919952,2.0008004803363615E-07,0.999999799919952,0.999999799919952,2.0008004803363615E-07,0.9999985994396638,2.0008004803363615E-07,2.0008004803363615E-07,2.0008004803363615E-07,2.0008004803363615E-07,2.0008004803363615E-07,2.0008004803363615E-07,2.0008004803363615E-07,2.0008004803363615E-07,0.999999799919952,2.0008004803363615E-07,0.999999799919952,2.0008004803363615E-07,0.999999799919952,2.0008004803363615E-07,0.999999799919952,2.0008004803363615E-07,0.999999799919952,2.0008004803363615E-07,0.999999799919952,2.0008004803363615E-07,0.999999799919952,2.0008004803363615E-07,0.999999799919952,2.0008004803363615E-07,0.999999799919952,2.0008004803363615E-07,0.999999799919952,2.0008004803363615E-07,0.999999799919952,2.0008004803363615E-07,0.999999799919952,2.0008004803363615E-07,0.999999799919952,2.0008004803363615E-07,0.999999799919952,2.0008004803363615E-07,0.999999799919952,2.0008004803363615E-07,0.999999799919952,2.0008004803363615E-07,0.999999799919952,2.0008004803363615E-07,0.999999799919952,2.0008004803363615E-07,0.999999799919952,2.0008004803363615E-07,0.999999799919952,2.0008004803363615E-07,0.999999799919952,2.0008004803363615E-07,0.999999799919952,2.0008004803363615E-07,0.999999799919952,2.0008004803363615E-07,0.999999799919952,2.0008004803363615E-07,0.999999799919952,2.0008004803363615E-07,0.999999799919952,2.0008004803363615E-07,0.999999799919952,2.0008004803363615E-07,0.999999799919952,0.999999799919952,2.0008004803363615E-07,2.0008004803363615E-07,2.0008004803363615E-07,2.0008004803363615E-07,2.0008004803363615E-07,2.0008004803363615E-07,2.0008004803363615E-07,0.9999985994396638,2.0008004803363615E-07,2.0008004803363615E-07,0.999999799919952,2.0008004803363615E-07,2.0008004803363615E-07,2.0008004803363615E-07,2.0008004803363615E-07,2.0008004803363615E-07,2.0008004803363615E-07,2.0008004803363615E-07,0.9999985994396638,0.999999799919952,2.0008004803363615E-07,0.999999799919952,2.0008004803363615E-07,0.999999799919952,2.0008004803363615E-07,0.999999799919952,2.0008004803363615E-07,0.999999799919952,2.0008004803363615E-07,0.999999799919952,2.0008004803363615E-07,0.999999799919952,2.0008004803363615E-07,0.999999799919952,2.0008004803363615E-07,0.999999799919952,2.0008004803363615E-07,0.999999799919952,2.0008004803363615E-07,0.999999799919952,2.0008004803363615E-07,0.999999799919952,2.0008004803363615E-07,0.999999799919952,2.0008004803363615E-07,0.999999799919952,2.0008004803363615E-07,0.999999799919952,2.0008004803363615E-07,0.999999799919952,2.0008004803363615E-07,0.999999799919952,2.0008004803363615E-07,0.999999799919952,2.0008004803363615E-07,0.999999799919952,2.0008004803363615E-07,0.999999799919952,2.0008004803363615E-07,0.999999799919952,2.0008004803363615E-07,0.999999799919952,2.0008004803363615E-07,0.999999799919952,2.0008004803363615E-07,0.999999799919952,2.0008004803363615E-07,0.999999799919952,2.0008004803363615E-07,0.999999799919952,2.0008004803363615E-07,0.999999799919952,2.0008004803363615E-07,0.999999799919952,2.0008004803363615E-07,2.0008004803363615E-07,0.999999799919952,2.0008004803363615E-07,2.0008004803363615E-07,2.0008004803363615E-07,2.0008004803363615E-07,2.0008004803363615E-07,2.0008004803363615E-07,2.0008004803363615E-07,0.9999985994396638,0.999999799919952,2.0008004803363615E-07,0.999999799919952,2.0008004803363615E-07,0.999999799919952,2.0008004803363615E-07,0.999999799919952,2.0008004803363615E-07,0.999999799919952,2.0008004803363615E-07,0.999999799919952,2.0008004803363615E-07,0.999999799919952,2.0008004803363615E-07,0.999999799919952,2.0008004803363615E-07,0.999999799919952,2.0008004803363615E-07,0.999999799919952,2.0008004803363615E-07,0.999999799919952,2.0008004803363615E-07,0.999999799919952,2.0008004803363615E-07,0.999999799919952,2.0008004803363615E-07,0.999999799919952,2.0008004803363615E-07,0.999999799919952,2.0008004803363615E-07,0.999999799919952,2.0008004803363615E-07,0.999999799919952,2.0008004803363615E-07,0.999999799919952,2.0008004803363615E-07,0.999999799919952,2.0008004803363615E-07,0.999999799919952,2.0008004803363615E-07,0.999999799919952,2.0008004803363615E-07,0.999999799919952,2.0008004803363615E-07,0.999999799919952,2.0008004803363615E-07,0.999999799919952,2.0008004803363615E-07,0.999999799919952,2.0008004803363615E-07,0.999999799919952,2.0008004803363615E-07,0.999999799919952,2.0008004803363615E-07,0.999999799919952,2.0008004803363615E-07,0.999999799919952,2.0008004803363615E-07,2.0008004803363615E-07,2.0008004803363615E-07,2.0008004803363615E-07,2.0008004803363615E-07,0.9999985994396638,2.0008004803363615E-07,2.0008004803363615E-07,2.0008004803363615E-07,2.0008004803363615E-07,0.999999799919952,2.0008004803363615E-07,0.999999799919952,2.0008004803363615E-07,0.999999799919952,2.0008004803363615E-07,0.999999799919952,2.0008004803363615E-07,0.999999799919952,2.0008004803363615E-07,0.999999799919952,2.0008004803363615E-07,0.999999799919952,2.0008004803363615E-07,0.999999799919952,2.0008004803363615E-07,0.999999799919952,2.0008004803363615E-07,0.999999799919952,2.0008004803363615E-07,0.999999799919952,2.0008004803363615E-07,0.999999799919952,2.0008004803363615E-07,0.999999799919952,2.0008004803363615E-07,0.999999799919952,2.0008004803363615E-07,0.999999799919952,2.0008004803363615E-07,0.999999799919952,2.0008004803363615E-07,0.999999799919952,2.0008004803363615E-07,0.999999799919952,2.0008004803363615E-07,0.999999799919952,2.0008004803363615E-07,0.999999799919952,2.0008004803363615E-07,0.999999799919952,2.0008004803363615E-07,0.999999799919952,2.0008004803363615E-07,0.999999799919952,2.0008004803363615E-07,0.999999799919952,2.0008004803363615E-07,0.999999799919952,2.0008004803363615E-07,0.999999799919952,2.0008004803363615E-07,0.999999799919952,2.0008004803363615E-07,0.999999799919952,0.999999799919952,2.0008004803363615E-07,2.0008004803363615E-07,2.0008004803363615E-07,2.0008004803363615E-07,0.9999985994396638,2.0008004803363615E-07,2.0008004803363615E-07,2.0008004803363615E-07,2.0008004803363615E-07,2.0008004803363615E-07,0.999999799919952,2.0008004803363615E-07,0.999999799919952,2.0008004803363615E-07,0.999999799919952,2.0008004803363615E-07,0.999999799919952,2.0008004803363615E-07,0.999999799919952,2.0008004803363615E-07,0.999999799919952,2.0008004803363615E-07,0.999999799919952,2.0008004803363615E-07,0.999999799919952,2.0008004803363615E-07,0.999999799919952,2.0008004803363615E-07,0.999999799919952,2.0008004803363615E-07,0.999999799919952,2.0008004803363615E-07,0.999999799919952,2.0008004803363615E-07,0.999999799919952,2.0008004803363615E-07,0.999999799919952,2.0008004803363615E-07,0.999999799919952,2.0008004803363615E-07,0.999999799919952,2.0008004803363615E-07,0.999999799919952,2.0008004803363615E-07,0.999999799919952,2.0008004803363615E-07,0.999999799919952,2.0008004803363615E-07,0.999999799919952,2.0008004803363615E-07,0.999999799919952,2.0008004803363615E-07,0.999999799919952,2.0008004803363615E-07,0.999999799919952,2.0008004803363615E-07,0.999999799919952,2.0008004803363615E-07,0.999999799919952,2.0008004803363615E-07,0.999999799919952,2.0008004803363615E-07,0.999999799919952,2.0008004803363615E-07,0.999999799919952,0.999999799919952,2.0008004803363615E-07,2.0008004803363615E-07,2.0008004803363615E-07,0.9999985994396638,2.0008004803363615E-07,2.0008004803363615E-07,2.0008004803363615E-07,2.0008004803363615E-07,2.0008004803363615E-07,2.0008004803363615E-07,0.999999799919952,2.0008004803363615E-07,0.999999799919952,2.0008004803363615E-07,0.999999799919952,2.0008004803363615E-07,0.999999799919952,2.0008004803363615E-07,0.999999799919952,2.0008004803363615E-07,0.999999799919952,2.0008004803363615E-07,0.999999799919952,2.0008004803363615E-07,0.999999799919952,2.0008004803363615E-07,0.999999799919952,2.0008004803363615E-07,0.999999799919952,2.0008004803363615E-07,0.999999799919952,2.0008004803363615E-07,0.999999799919952,2.0008004803363615E-07,0.999999799919952,2.0008004803363615E-07,0.999999799919952,2.0008004803363615E-07,0.999999799919952,2.0008004803363615E-07,0.999999799919952,2.0008004803363615E-07,0.999999799919952,2.0008004803363615E-07,0.999999799919952,2.0008004803363615E-07,0.999999799919952,2.0008004803363615E-07,0.999999799919952,2.0008004803363615E-07,0.999999799919952,2.0008004803363615E-07,0.999999799919952,2.0008004803363615E-07,0.999999799919952,2.0008004803363615E-07,0.999999799919952,2.0008004803363615E-07,0.999999799919952,2.0008004803363615E-07,0.999999799919952,2.0008004803363615E-07,0.999999799919952,2.0008004803363615E-07,0.999999799919952,0.999999799919952,2.0008004803363615E-07,2.0008004803363615E-07,0.9999985994396638,2.0008004803363615E-07,2.0008004803363615E-07,2.0008004803363615E-07,2.0008004803363615E-07,2.0008004803363615E-07,2.0008004803363615E-07,2.0008004803363615E-07,0.999999799919952,2.0008004803363615E-07,0.999999799919952,2.0008004803363615E-07,0.999999799919952,2.0008004803363615E-07,0.999999799919952,2.0008004803363615E-07,0.999999799919952,2.0008004803363615E-07,0.999999799919952,2.0008004803363615E-07,0.999999799919952,2.0008004803363615E-07,0.999999799919952,2.0008004803363615E-07,0.999999799919952,2.0008004803363615E-07,0.999999799919952,2.0008004803363615E-07,0.999999799919952,2.0008004803363615E-07,0.999999799919952,2.0008004803363615E-07,0.999999799919952,2.0008004803363615E-07,0.999999799919952,2.0008004803363615E-07,0.999999799919952,2.0008004803363615E-07,0.999999799919952,2.0008004803363615E-07,0.999999799919952,2.0008004803363615E-07,0.999999799919952,2.0008004803363615E-07,0.999999799919952,2.0008004803363615E-07,0.999999799919952,2.0008004803363615E-07,0.999999799919952,2.0008004803363615E-07,0.999999799919952,2.0008004803363615E-07,0.999999799919952,2.0008004803363615E-07,0.999999799919952,2.0008004803363615E-07,0.999999799919952,2.0008004803363615E-07,0.999999799919952,2.0008004803363615E-07,0.999999799919952,2.0008004803363615E-07,0.999999799919952,0.999999799919952,2.0008004803363615E-07,0.9999985994396638,2.0008004803363615E-07,2.0008004803363615E-07,2.0008004803363615E-07,2.0008004803363615E-07,2.0008004803363615E-07,2.0008004803363615E-07,2.0008004803363615E-07,2.0008004803363615E-07,0.999999799919952,2.0008004803363615E-07,0.999999799919952,2.0008004803363615E-07,0.999999799919952,2.0008004803363615E-07,0.999999799919952,2.0008004803363615E-07,0.999999799919952,2.0008004803363615E-07,0.999999799919952,2.0008004803363615E-07,0.999999799919952,2.0008004803363615E-07,0.999999799919952,2.0008004803363615E-07,0.999999799919952,2.0008004803363615E-07,0.999999799919952,2.0008004803363615E-07,0.999999799919952,2.0008004803363615E-07,0.999999799919952,2.0008004803363615E-07,0.999999799919952,2.0008004803363615E-07,0.999999799919952,2.0008004803363615E-07,0.999999799919952,2.0008004803363615E-07,0.999999799919952,2.0008004803363615E-07,0.999999799919952,2.0008004803363615E-07,0.999999799919952,2.0008004803363615E-07,0.999999799919952,2.0008004803363615E-07,0.999999799919952,2.0008004803363615E-07,0.999999799919952,2.0008004803363615E-07,0.999999799919952,2.0008004803363615E-07,0.999999799919952,2.0008004803363615E-07,0.999999799919952,2.0008004803363615E-07,0.999999799919952,2.0008004803363615E-07,0.999999799919952,2.0008004803363615E-07,0.999999799919952,2.0008004803363615E-07,0.999999799919952,0.999999799919952,2.0008004803363615E-07,0.9999985994396638,2.0008004803363615E-07,2.0008004803363615E-07,2.0008004803363615E-07,2.0008004803363615E-07,2.0008004803363615E-07,2.0008004803363615E-07,2.0008004803363615E-07,2.0008004803363615E-07,0.999999799919952,2.0008004803363615E-07,0.999999799919952,2.0008004803363615E-07,0.999999799919952,2.0008004803363615E-07,0.999999799919952,2.0008004803363615E-07,0.999999799919952,2.0008004803363615E-07,0.999999799919952,2.0008004803363615E-07,0.999999799919952,2.0008004803363615E-07,0.999999799919952,2.0008004803363615E-07,0.999999799919952,2.0008004803363615E-07,0.999999799919952,2.0008004803363615E-07,0.999999799919952,2.0008004803363615E-07,0.999999799919952,2.0008004803363615E-07,0.999999799919952,2.0008004803363615E-07,0.999999799919952,2.0008004803363615E-07,0.999999799919952,2.0008004803363615E-07,0.999999799919952,2.0008004803363615E-07,0.999999799919952,2.0008004803363615E-07,0.999999799919952,2.0008004803363615E-07,0.999999799919952,2.0008004803363615E-07,0.999999799919952,2.0008004803363615E-07,0.999999799919952,2.0008004803363615E-07,0.999999799919952,2.0008004803363615E-07,0.999999799919952,2.0008004803363615E-07,0.999999799919952,2.0008004803363615E-07,0.999999799919952,2.0008004803363615E-07,0.999999799919952,2.0008004803363615E-07,0.999999799919952,2.0008004803363615E-07,0.999999799919952
