"OptionSet","Exploit","Refine","Seconds","Filter","All","NoDispute","DisputeArises","LitigQuality","PFiles","DAnswers","Activity","Accident","WrongAttrib","PrecPower","PrecLevel","BCRatio","PrecPower1","PrecPower2","PrecPower3","PrecPower4","PrecPower5","PrecPower6","PrecPower7","PrecPower8","PBargains1","DBargains1","POffer1","DOffer1","POfferMixedness1","DOfferMixedness1","Settles1","PBet1","DBet1","PBetMixedness1","DBetMixedness1","PAbandons1","DDefaults1","Trial","PWinPct","PWealth","DWealth","TotWealth","WealthLoss","PWelfare","DWelfare","TotExpense","False+","False-","False+-","False+^2","False-^2","PDSWelfareLoss","SWelfareLoss","OpportunityCost","HarmCost","TrulyLiableHarmCost","TrulyNotLiableHarmCost","Chips","Settles","ValIfSettled","PAbandons","DDefaults","BothReadyToGiveUp","TrulyLiable","PrimaryAction","MutualOptimism","PLiabilitySignal1","PLiabilitySignal2","PLiabilitySignal3","PLiabilitySignal4","PLiabilitySignal5","PLiabilitySignal6","PLiabilitySignal7","PLiabilitySignal8","DLiabilitySignal1","DLiabilitySignal2","DLiabilitySignal3","DLiabilitySignal4","DLiabilitySignal5","DLiabilitySignal6","DLiabilitySignal7","DLiabilitySignal8","P Files","D Answers","PDoesntFile","DDoesntAnswer","SettlesBR1","PAbandonsBR1","DDefaultsBR1","P Loses","P Wins"
"MODRA CM 1 CN High Indet LT 0.8","9.523E-08","0.9219","350","All",1,0.999931,6.9399E-05,0.5,1.055E-10,1.05542E-10,1,6.9399E-05,1.00081E-05,4.5,5,0.467059,0.125001,0.125,0.125,0.124999,0.124999,0.125,0.125,0.125001,1,1,0.446216,0.461825,,,1.02936E-10,,,,,1.30939E-12,9.45542E-20,1.3E-12,0.496783,9.99993,9.99995,19.9999,0.000119399,1000,1000,4.24763E-11,3.456E-11,2.997E-11,6.4527E-11,2.15067E-11,2.0125E-11,0.000109391,0.000109391,5.00002E-05,5.93909E-05,4.1040700000000005E-11,5.93909E-05,0,1.0294E-10,0.458394,1.30939E-12,9.45542E-20,2.03298E-24,6.6359E-07,0,3.13130E-15,0.102831,0.127187,0.135106,0.134876,0.134876,0.135106,0.127187,0.102831,0.102831,0.127187,0.135106,0.134876,0.134876,0.135106,0.127187,0.102831,1.0554E-10,1.05542E-10,1,2.11169E-17,1.02936E-10,1.30939E-12,9.45542E-20,6.5262E-13,6.443E-13
"MODRA CM 1 CN High Indet LT 0.8","9.523E-08","0.9219","350","NoDispute",0.9999,1,0,0.500003,0,0,1,0,0,4.50003,5,0.467061,0.124998,0.124998,0.124999,0.125,0.125,0.125001,0.125002,0.125002,1,1,,,,,0,,,,,0,0,0,,10,9.99995,19.9999,5.00002E-05,1000,1000,0,0,0,0,0,0,5.00002E-05,5.00002E-05,5.00002E-05,0,0,0,0,0,,0,0,0,,0,1.64723E-15,0.10283,0.127185,0.135105,0.134876,0.134877,0.135107,0.127188,0.102832,0.10283,0.127185,0.135105,0.134876,0.134877,0.135107,0.127188,0.102832,0,0,1,0,0,0,0,0,0
"MODRA CM 1 CN High Indet LT 0.8","9.523E-08","0.9219","350","DisputeArises",6.9E-5,0,1,0.452602,1.5208E-6,1.5208E-06,1,1,0.144211,4.12081,5,0.438953,0.17046,0.149148,0.131371,0.119557,0.111862,0.107317,0.105775,0.10451,1,1,0.446216,0.461825,,,1.48325E-06,,,,,1.88675E-08,1.36247E-15,1.869E-8,0.496783,9,9.99995,18.9999,1.00005,998.808,1000,6.12058E-07,4.9798E-7,4.3182E-7,9.29803E-7,3.09899E-07,2.89989E-07,0.855839,0.85584,5E-05,0.855789,5.91373E-07,0.855789,0,1.48325E-6,0.458394,1.88675E-08,1.36247E-15,2.92941E-20,6.6359E-07,0,-1.93887E-13,0.122726,0.147153,0.149082,0.139529,0.129522,0.120856,0.10753,0.0836031,0.122726,0.147153,0.149082,0.139529,0.129522,0.120856,0.10753,0.0836031,1.5208E-06,1.5208E-06,0.999998,3.04282E-13,1.48325E-06,1.88675E-08,1.36247E-15,9.40394E-9,9.2837E-9
"MODRA CM 1 CN High Indet LT 0.8","9.523E-08","0.9219","350","PFiles",1E-10,0,1,0.480567,1,1,1,1,0.113756,4.34454,2.23026,0.770137,0.150509,0.136288,0.124499,0.117652,0.114468,0.114587,0.118491,0.123506,1,1,0.446216,0.461825,,,0.975305,,,,,0.0124063,8.9589E-10,0.012288,0.496783,9.25195,9.34557,18.5975,1.40248,999.301,999.457,0.402458,0.327444,0.283945,0.61139,0.203773,0.190682,0.886266,1.28872,2.23026E-05,0.886244,0.388856,0.497388,0,0.975305,0.458394,0.0124063,8.9589E-10,1.92623E-14,0.436342,0,-6.49536E-13,0.111049,0.1354,0.140808,0.136717,0.132616,0.129239,0.119159,0.0950116,0.111049,0.1354,0.140808,0.136717,0.132616,0.129239,0.119159,0.0950116,1,1,0,2.0008E-07,0.975305,0.0124063,8.9589E-10,0.00618354,0.0061045
"MODRA CM 1 CN High Indet LT 0.8","9.523E-08","0.9219","350","DAnswers",1E-10,0,1,0.480567,1,1,1,1,0.113756,4.34454,2.23026,0.770137,0.150509,0.136288,0.124499,0.117652,0.114468,0.114587,0.118491,0.123506,1,1,0.446216,0.461825,,,0.975306,,,,,0.0124063,8.9589E-10,0.012288,0.496783,9.25195,9.34557,18.5975,1.40248,999.301,999.457,0.402458,0.327444,0.283945,0.61139,0.203773,0.190682,0.886266,1.28872,2.23026E-05,0.886244,0.388856,0.497388,0,0.975306,0.458394,0.0124063,8.9589E-10,1.92623E-14,0.436342,0,-6.44197E-13,0.111049,0.1354,0.140808,0.136717,0.132616,0.129239,0.119159,0.0950116,0.111049,0.1354,0.140808,0.136717,0.132616,0.129239,0.119159,0.0950116,1,1,0,0,0.975306,0.0124063,8.9589E-10,0.00618354,0.0061045
"MODRA CM 1 CN High Indet LT 0.8","9.523E-08","0.9219","350","Litigated",1E-10,0,1,0.480567,1,1,1,1,0.113756,4.34454,2.23026,0.770137,0.150509,0.136288,0.124499,0.117652,0.114468,0.114587,0.118491,0.123506,1,1,0.446216,0.461825,,,0.975306,,,,,0.0124063,8.9589E-10,0.012288,0.496783,9.25195,9.34557,18.5975,1.40248,999.301,999.457,0.402458,0.327444,0.283945,0.61139,0.203773,0.190682,0.886266,1.28872,2.23026E-05,0.886244,0.388856,0.497388,0,0.975306,0.458394,0.0124063,8.9589E-10,1.92623E-14,0.436342,0,-6.44197E-13,0.111049,0.1354,0.140808,0.136717,0.132616,0.129239,0.119159,0.0950116,0.111049,0.1354,0.140808,0.136717,0.132616,0.129239,0.119159,0.0950116,1,1,0,0,0.975306,0.0124063,8.9589E-10,0.00618354,0.0061045
"MODRA CM 1 CN High Indet LT 0.8","9.523E-08","0.9219","350","Not Litigated",1,0.999931,6.93989E-05,0.5,2.112E-17,0,1,6.93989E-05,1.00081E-05,4.5,5,0.467059,0.125001,0.125,0.125,0.124999,0.124999,0.125,0.125,0.125001,1,1,,,,,0,,,,,0,0,0,,9.99993,9.99995,19.9999,0.000119399,1000,1000,0,0,0,0,0,0,0.000109391,0.000109391,5.00002E-05,5.93908E-05,0,5.93908E-05,0,0,,0,0,0,2.65543E-13,0,1.85865E-15,0.102831,0.127187,0.135106,0.134876,0.134876,0.135106,0.127187,0.102831,0.102831,0.127187,0.135106,0.134876,0.134876,0.135106,0.127187,0.102831,2.1117E-17,0,1,2.11169E-17,0,0,0,0,0
"MODRA CM 1 CN High Indet LT 0.8","9.523E-08","0.9219","350","Settles",1E-10,0,1,0.484431,1,1,1,1,0.113701,4.37545,2.19817,0.776051,0.149508,0.134182,0.122455,0.116308,0.114236,0.115876,0.120938,0.126496,1,1,0.448809,0.467978,,,1,,,,,0,0,0,,9.25839,9.34158,18.6,1.40002,999.323,999.46,0.4,0.328692,0.286401,0.615092,0.205148,0.190789,0.886321,1.28632,2.19817E-05,0.886299,0.392081,0.494218,0,1,0.458394,0,0,0,0.440073,0,-0.0747986,0.113861,0.138828,0.136544,0.135287,0.133455,0.127571,0.118499,0.0959542,0.105972,0.126576,0.139197,0.140178,0.135973,0.132511,0.122175,0.0974172,1,1,0,0,1,0,0,0,0
"MODRA CM 1 CN High Indet LT 0.8","9.523E-08","0.9219","350","Tried",1E-12,0,1,0.459848,1,1,1,1,0.108583,4.17879,1.98117,0.788561,0.035615,0.094154,0.189365,0.26458,0.234817,0.126796,0.0437949,0.0108777,1,1,0.501639,0.376621,,,0,,,,,0,0,1,0.496783,9.19678,9.2032,18.4,1.60002,998.754,998.768,0.6,0.357122,0.375737,0.732859,0.259988,0.374696,0.891437,1.49144,1.98117E-05,0.891417,0.52544,0.365977,0,0,,0,0,0,0.580725,0,4.09858,1.06751E-05,1.29857E-05,1.35777E-05,1.30763E-05,0.199917,0.392104,0.291798,0.11613,0.185756,0.403281,0.410898,1.36143E-05,1.37148E-05,1.37873E-05,1.30024E-05,1.05071E-05,1,1,0,0,0,0,0,0.503217,0.496783
"MODRA CM 1 CN High Indet LT 0.8","9.523E-08","0.9219","350","PWins",6E-13,0,1,0.504661,1,1,1,1,0.101292,4.53729,1.09077,0.92108,0.0174556,0.0570694,0.147667,0.260928,0.274831,0.165293,0.060978,0.0157782,1,1,0.591727,0.46671,,,0,,,,,0,0,1,1,9.7,8.69999,18.4,1.60001,999.847,997.675,0.6,0.536678,0.228997,0.765675,0.468685,0.068699,0.898719,1.49872,1.09077E-05,0.898708,0.69105,0.207659,0,0,,0,0,0,0.763322,0,4.13395,8.36427E-06,1.07051E-05,1.203E-05,1.28325E-05,0.0848081,0.436028,0.335944,0.143176,0.133511,0.329801,0.536616,1.31067E-05,1.45304E-05,1.57961E-05,1.56905E-05,1.30808E-05,1,1,0,0,0,0,0,0,1
"MODRA CM 1 CN High Indet LT 0.8","9.523E-08","0.9219","350","DWins",7E-13,0,1,0.415608,1,1,1,1,0.115781,3.82487,2.86018,0.657736,0.0535421,0.130765,0.23053,0.268185,0.195316,0.0887913,0.0268316,0.00603976,1,1,0.412702,0.287684,,,0,,,,,0,0,1,0,8.7,9.69997,18.4,1.60003,997.675,999.847,0.6,0.179861,0.520601,0.700462,0.0539584,0.676781,0.884248,1.48425,2.86018E-05,0.884219,0.361948,0.522272,0,0,,0,0,0,0.400462,0,4.06366,1.29563E-05,1.52373E-05,1.51056E-05,1.33171E-05,0.313555,0.348741,0.248217,0.0894303,0.237333,0.475822,0.286788,1.41154E-05,1.29096E-05,1.18043E-05,1.03487E-05,7.9664E-06,1,1,0,0,0,0,0,1,0
"MODRA CM 1 CN High Indet LT 0.8","9.523E-08","0.9219","350","Abandoned",1E-12,0,1,0.197379,1,1,1,1,0.12318,2.07903,5,0.286931,0.343015,0.343529,0.220899,0.0778057,0.0135312,0.00116347,5.53656E-05,1.76413E-06,1,1,0.187503,0.0625006,,,0,,,,,1,7.22125E-08,0,,8.8,9.79995,18.6,1.40005,998.13,999.908,0.4,0.2,4.7729E-8,0.2,0.04,4.60225E-08,0.87687,1.27687,5E-05,0.87682,7.78493E-08,0.87682,0,0,,1,7.22125E-08,1.55262E-12,8.66593E-08,0,1.82069,1.71316E-06,2.02949E-06,0.615481,0.384515,3.96218E-08,4.34185E-08,1.2596E-07,3.58128E-08,0.436193,0.563803,1.6325E-06,1.23001E-06,8.47669E-07,4.90583E-07,2.63161E-07,1.24665E-07,1,1,0,0,0,1,7.22125E-08,0,0
"MODRA CM 1 CN High Indet LT 0.8","9.523E-08","0.9219","350","PrecPower1",0.125,0.999905,9.46375E-05,0.0625,1.271E-10,1.27079E-10,1,9.46375E-05,1.08406E-05,1,5,0.215989,1,0,0,0,0,0,0,0,1,1,0.41346,0.417408,,,1.23117E-10,,,,,3.59309E-12,1.24988E-20,3.7E-13,0.243484,9.99991,9.99995,19.9999,0.000144638,1000,1000,5.09057E-11,7.781E-11,0,7.7805E-11,5.12417E-11,0,0.000133797,0.000133797,5.00002E-05,8.37969E-05,0,8.37969E-05,0,1.2312E-10,0.424494,3.59309E-12,1.24988E-20,4.65223E-24,0,0,0.936714,0.224521,0.24392,0.207842,0.14645,0.0898714,0.0498815,0.0255102,0.0120032,0.394013,0.326145,0.184955,0.0718393,0.0191031,0.00347586,0.000432504,3.67801E-05,1.2708E-10,1.27079E-10,1,2.54261E-17,1.23117E-10,3.59309E-12,1.24988E-20,2.7954E-13,8.997E-14
"MODRA CM 1 CN High Indet LT 0.8","9.523E-08","0.9219","350","PrecPower2",0.125,0.999917,8.28058E-05,0.1875,1.151E-10,1.15073E-10,1,8.28058E-05,1.01107E-05,2,5,0.279693,0,1,0,0,0,0,0,0,1,1,0.420382,0.429467,,,1.10497E-10,,,,,3.59850E-12,4.75635E-20,9.77E-13,0.301114,9.99992,9.99995,19.9999,0.000132806,1000,1000,4.62244E-11,7.158E-11,0,7.1581E-11,4.77293E-11,0,0.000122695,0.000122695,5.00002E-05,7.26951E-05,0,7.26951E-05,0,1.105E-10,0.435983,3.59850E-12,4.75635E-20,3.98109E-24,0,0,0.708296,0.194115,0.219714,0.199291,0.153453,0.105573,0.0669781,0.0395248,0.0213511,0.24594,0.29712,0.245942,0.139472,0.054173,0.0144053,0.00262109,0.000326145,1.1507E-10,1.15073E-10,1,2.30237E-17,1.10497E-10,3.59850E-12,4.75635E-20,6.8272E-13,2.941E-13
"MODRA CM 1 CN High Indet LT 0.8","9.523E-08","0.9219","350","PrecPower3",0.125,0.999927,7.29362E-05,0.3125,1.051E-10,1.05119E-10,1,7.29362E-05,9.51817E-06,3,5,0.347412,0,0,1,0,0,0,0,0,1,1,0.428597,0.445861,,,1.00841E-10,,,,,2.31394E-12,1.26637E-19,1.96E-12,0.387392,9.99993,9.99995,19.9999,0.000122936,1000,1000,4.24407E-11,5.033E-11,1.295E-11,6.3282E-11,3.2056E-11,8.17199E-12,0.000113418,0.000113418,5.00002E-05,6.3418E-05,1.9187499999999998E-11,6.3418E-05,0,1.0084E-10,0.4459,2.31394E-12,1.26637E-19,3.17162E-24,2.89377E-07,0,0.437049,0.153945,0.184876,0.18293,0.158248,0.125176,0.0924019,0.0633476,0.0390757,0.122435,0.215899,0.260828,0.2159,0.122436,0.0475557,0.0126457,0.00230093,1.0512E-10,1.05119E-10,1,2.10323E-17,1.00841E-10,2.31394E-12,1.26637E-19,1.2036E-12,7.611E-13
"MODRA CM 1 CN High Indet LT 0.8","9.523E-08","0.9219","350","PrecPower4",0.125,0.999934,6.63773E-05,0.4375,9.934E-11,9.93388E-11,1,6.63773E-05,9.28382E-06,4,5,0.419172,0,0,0,1,0,0,0,0,1,1,0.438195,0.463438,,,9.57787E-11,,,,,8.15026E-13,2.08931E-19,2.75E-12,0.489927,9.99993,9.99995,19.9999,0.000116378,1000,1000,4.02845E-11,3.414E-11,2.407E-11,5.8209E-11,2.03098E-11,1.51733E-11,0.000107094,0.000107094,5.00002E-05,5.70935E-05,3.54567E-11,5.70935E-05,0,9.5779E-11,0.45373,8.15026E-13,2.08931E-19,2.24516E-24,5.90351E-07,0,0.146667,0.109093,0.141947,0.157031,0.156098,0.14414,0.124491,0.098655,0.0685449,0.0454964,0.117134,0.206552,0.249535,0.206553,0.117135,0.0454966,0.0120982,9.9339E-11,9.93388E-11,1,1.98757E-17,9.57787E-11,8.15026E-13,2.08931E-19,1.4002E-12,1.345E-12
"MODRA CM 1 CN High Indet LT 0.8","9.523E-08","0.9219","350","PrecPower5",0.125,0.999938,6.21053E-05,0.5625,9.665E-11,9.66503E-11,1,6.21053E-05,9.33651E-06,5,5,0.49497,0,0,0,0,1,0,0,0,1,1,0.449969,0.477657,,,9.40723E-11,,,,,1.41741E-13,1.99771E-19,2.44E-12,0.581435,9.99994,9.99995,19.9999,0.000112105,1000,1000,3.91474E-11,2.176E-11,3.507E-11,5.6823E-11,1.17684E-11,2.27818E-11,0.000102769,0.000102769,5.00002E-05,5.27688E-05,5.00211E-11,5.27687E-05,0,9.4072E-11,0.463151,1.41741E-13,1.99771E-19,1.31741E-24,8.9551E-07,0,-0.14665,0.0685442,0.0986541,0.12449,0.144139,0.156097,0.157032,0.141949,0.109095,0.0120982,0.0454966,0.117135,0.206553,0.249535,0.206552,0.117134,0.0454965,9.665E-11,9.66503E-11,1,1.93378E-17,9.40723E-11,1.41741E-13,1.99771E-19,1.0197E-12,1.417E-12
"MODRA CM 1 CN High Indet LT 0.8","9.523E-08","0.9219","350","PrecPower6",0.125,0.99994,5.95819E-05,0.6875,9.675E-11,9.67503E-11,1,5.95819E-05,9.65621E-06,6,5,0.574766,0,0,0,0,0,1,0,0,1,1,0.464053,0.487094,,,9.54226E-11,,,,,1.21874E-14,1.11693E-19,1.32E-12,0.647613,9.99994,9.99995,19.9999,0.000109582,1000,1000,3.89632E-11,1.169E-11,4.621E-11,5.79E-11,5.39523E-12,3.06029E-11,9.99258E-05,9.99259E-05,5.00002E-05,4.99257E-05,6.386290000000001E-11,4.99256E-05,0,9.5423E-11,0.474696,1.21874E-14,1.11693E-19,6.08305E-25,1.20078E-06,0,-0.43704,0.0390755,0.0633474,0.0924016,0.125175,0.158246,0.18293,0.184877,0.153947,0.00230094,0.0126457,0.0475557,0.122436,0.2159,0.260827,0.215899,0.122435,9.675E-11,9.67503E-11,1,1.93578E-17,9.54226E-11,1.21874E-14,1.11693E-19,4.6358E-13,8.52E-13
"MODRA CM 1 CN High Indet LT 0.8","9.523E-08","0.9219","350","PrecPower7",0.125,0.999941,5.87256E-05,0.8125,1E-10,1.00046E-10,1,5.87256E-05,1.02912E-05,7,5,0.658482,0,0,0,0,0,0,1,0,1,1,0.47806,0.493223,,,9.95911E-11,,,,,5.79920E-16,3.94330E-20,4.54E-13,0.691697,9.99994,9.99995,19.9999,0.000108726,1000,1000,4.01093E-11,4.649E-12,5.956E-11,6.4205E-11,1.80108E-12,4.15374E-11,9.84346E-05,9.84346E-05,5.00002E-05,4.84344E-05,7.80755E-11,4.84344E-05,0,9.9591E-11,0.485318,5.79920E-16,3.94330E-20,2.21625E-25,1.50354E-06,0,-0.7083,0.0213512,0.039525,0.0669786,0.105573,0.153453,0.19929,0.219713,0.194115,0.000326149,0.00262111,0.0144054,0.054173,0.139472,0.245941,0.29712,0.245941,1.0005E-10,1.00046E-10,1,2.00172E-17,9.95911E-11,5.79920E-16,3.94330E-20,1.4009E-13,3.143E-13
"MODRA CM 1 CN High Indet LT 0.8","9.523E-08","0.9219","350","PrecPower8",0.125,0.999942,5.80226E-05,0.9375,1.043E-10,1.0428E-10,1,5.80226E-05,1.10276E-05,8,5,0.745991,0,0,0,0,0,0,0,1,1,1,0.489466,0.497977,,,1.04167E-10,,,,,1.84694E-17,9.90859E-21,1.13E-13,0.720592,9.99994,9.99995,19.9999,0.000108023,1000,1000,4.17347E-11,4.523E-12,6.189E-11,6.6413E-11,1.75183E-12,4.27323E-11,9.69951E-05,9.69952E-05,5.00002E-05,4.69949E-05,8.172180000000001E-11,4.69949E-05,0,1.0417E-10,0.493646,1.84694E-17,9.90859E-21,6.64252E-26,1.59716E-06,0,-0.936737,0.0120034,0.0255106,0.0498826,0.0898733,0.146452,0.207843,0.243918,0.224517,3.67809E-05,0.00043251,0.00347589,0.0191032,0.0718394,0.184955,0.326144,0.394013,1.0428E-10,1.0428E-10,1,2.08644E-17,1.04167E-10,1.84694E-17,9.90859E-21,3.1533E-14,8.132E-14
"MODRA CM 1 CN High Indet LT 0.8","9.523E-08","0.9219","350","PrecLevel0",4E-07,0.999945,5.49995E-05,0.5,5.4999E-5,5.49995E-05,0.5,5.49995E-05,4.9995E-06,4.5,0,1.02079,0.125001,0.125,0.125,0.125,0.125,0.125,0.125,0.125001,1,1,0.60814,0.641859,,,5.33602E-05,,,,,3.79244E-14,1.30412E-13,1.639E-6,0.663423,9.99997,9.99945,19.9994,0.000577327,1000,1000,2.23277E-05,1.151E-05,2.2602E-5,3.41117E-5,8.77795E-06,1.30415E-05,0.00055,0.000572328,0.0005,5E-05,3.6816E-05,1.3184E-05,0,5.33602E-5,0.625,3.79244E-14,1.30412E-13,2.28982E-21,0.736321,0,-3.21893E-15,0.102831,0.127187,0.135106,0.134876,0.134876,0.135106,0.127187,0.102831,0.102831,0.127187,0.135106,0.134876,0.134876,0.135106,0.127187,0.102831,5.49995E-5,5.49995E-05,0.999945,1.10043E-11,5.33602E-05,3.79244E-14,1.30412E-13,5.51756E-7,1.0876E-6
"MODRA CM 1 CN High Indet LT 0.8","9.523E-08","0.9219","350","PrecLevel1",2E-07,0.9999,9.97911E-05,0.5,9.9791E-5,9.97911E-05,1,9.97911E-05,9.99824E-06,4.5,1,0.921114,0.125001,0.125,0.124999,0.124999,0.124999,0.124999,0.125,0.125001,1,1,0.5625,0.5625,,,9.9791E-05,,,,,2.79639E-17,2.79639E-17,1.4E-10,0.58635,9.99994,9.99991,19.9999,0.000149708,1000,1000,3.99165E-05,2.998E-05,3.8552E-5,6.85316E-5,2.28598E-05,2.45767E-05,9.97929E-05,0.000139709,1E-05,8.97929E-05,5.43048E-05,3.54881E-05,0,9.9791E-05,0.5625,2.79639E-17,2.79639E-17,5.59501E-24,0.605997,0,-1.78712E-14,0.102831,0.127187,0.135106,0.134876,0.134876,0.135106,0.127187,0.102831,0.102831,0.127187,0.135106,0.134876,0.134876,0.135106,0.127187,0.102831,9.97911E-5,9.97911E-05,0.9999,1.99662E-11,9.9791E-05,2.79639E-17,2.79639E-17,5.7813E-11,8.195E-11
"MODRA CM 1 CN High Indet LT 0.8","9.523E-08","0.9219","350","PrecLevel2",2E-07,0.999909,9.058E-05,0.5,9.058E-05,9.058E-05,1,9.058E-05,9.99834E-06,4.5,2,0.8173,0.125001,0.125,0.124999,0.124999,0.124999,0.125,0.125,0.125001,1,1,0.464659,0.514611,,,8.9522E-05,,,,,1.84712E-13,2.11673E-13,1.058E-6,0.539448,9.99994,9.99992,19.9999,0.000147024,1000,1000,3.64436E-05,3.1363E-5,2.9201E-5,6.0564E-05,2.07609E-05,1.99804E-05,0.000100582,0.000137025,2E-05,8.05816E-05,3.81568E-05,4.24249E-05,0,8.9522E-05,0.489513,1.84712E-13,2.11673E-13,3.69573E-20,0.47656,0,-9.77856E-15,0.102831,0.127187,0.135106,0.134876,0.134876,0.135106,0.127187,0.102831,0.102831,0.127187,0.135106,0.134876,0.134876,0.135106,0.127187,0.102831,9.058E-05,9.058E-05,0.999909,1.81232E-11,8.9522E-05,1.84712E-13,2.11673E-13,4.87236E-7,5.707E-07
"MODRA CM 1 CN High Indet LT 0.8","9.523E-08","0.9219","350","PrecLevel3",2E-07,0.999918,8.2407E-05,0.5,8.2407E-5,8.2407E-05,1,8.2407E-05,9.99973E-06,4.5,3,0.708301,0.125001,0.125,0.125,0.124999,0.124999,0.125,0.125,0.125001,1,1,0.4375,0.4375,,,8.24068E-05,,,,,2.30924E-17,2.30924E-17,1.15E-10,0.422136,9.99994,9.99992,19.9999,0.00014537,1000,1000,3.29628E-05,3.423E-05,2.1894E-5,5.61236E-5,2.18214E-05,1.66942E-05,0.000102407,0.00013537,3E-05,7.24073E-05,2.48617E-05,4.75456E-05,0,8.24068E-5,0.4375,2.30924E-17,2.30924E-17,4.62033E-24,0.348435,0,0,0.102831,0.127187,0.135106,0.134876,0.134876,0.135106,0.127187,0.102831,0.102831,0.127187,0.135106,0.134876,0.134876,0.135106,0.127187,0.102831,8.2407E-05,8.2407E-05,0.999918,1.64880E-11,8.24068E-05,2.30924E-17,2.30924E-17,6.6695E-11,4.872E-11
"MODRA CM 1 CN High Indet LT 0.8","9.523E-08","0.9219","350","PrecLevel4",2E-07,0.999925,7.5324E-05,0.5,7.5324E-5,7.5324E-05,1,7.5324E-05,1.00029E-05,4.5,4,0.592495,0.125001,0.125,0.125,0.124999,0.124999,0.125,0.125,0.125001,1,1,0.3125,0.3125,,,7.53238E-05,,,,,2.11076E-17,2.11076E-17,1.05E-10,0.335057,9.99993,9.99992,19.9999,0.000145454,1000,1000,3.01296E-05,2.9982E-5,1.493E-05,4.4912E-05,1.53658E-05,1.32504E-05,0.000105321,0.000135451,4E-05,6.53211E-05,1.41661E-05,5.1155E-05,0,7.53238E-5,0.3125,2.11076E-17,2.11076E-17,4.2232E-24,0.223336,0,-1.32615E-14,0.102831,0.127187,0.135106,0.134876,0.134876,0.135106,0.127187,0.102831,0.102831,0.127187,0.135106,0.134876,0.134876,0.135106,0.127187,0.102831,7.5324E-05,7.5324E-05,0.999925,1.50708E-11,7.53238E-05,2.11076E-17,2.11076E-17,7.0149E-11,3.535E-11
"MODRA CM 1 CN High Indet LT 0.8","9.523E-08","0.9219","350","PrecLevel5",1,0.999931,6.9399E-05,0.5,1.389E-11,1.38854E-11,1,6.9399E-05,1.00081E-05,4.5,5,0.467059,0.125001,0.125,0.125,0.124999,0.124999,0.125,0.125,0.125001,1,1,0.153766,0.153766,,,1.21468E-11,,,,,1.30939E-12,2.72946E-24,4.29E-13,0.221037,9.99993,9.99995,19.9999,0.000119399,1000,1000,5.63998E-12,4.833E-12,0,4.8326E-12,1.82607E-12,0,0.000109391,0.000109391,5E-05,5.93909E-05,0,5.93909E-05,0,1.2147E-11,0.157882,1.30939E-12,2.72946E-24,2.02307E-24,0,0,1.12506E-15,0.102831,0.127187,0.135106,0.134876,0.134876,0.135106,0.127187,0.102831,0.102831,0.127187,0.135106,0.134876,0.134876,0.135106,0.127187,0.102831,1.3885E-11,1.38854E-11,1,2.77818E-18,1.21468E-11,1.30939E-12,2.72946E-24,3.3431E-13,9.486E-14
"MODRA CM 1 CN High Indet LT 0.8","9.523E-08","0.9219","350","PrecLevel6",2E-07,0.999935,6.47284E-05,0.5,1.295E-11,1.29509E-11,1,6.47284E-05,1.00155E-05,4.5,6,0.326009,0.125001,0.125,0.125,0.124999,0.124999,0.125,0.125,0.125001,1,1,0.0852194,0.0999138,,,1.22689E-11,,,,,4.39883E-13,6.57122E-21,2.42E-13,0.213455,9.99994,9.99994,19.9999,0.000124728,1000,1000,5.22876E-12,3.78E-12,0,3.7796E-12,1.18425E-12,0,0.000114713,0.000114713,6E-05,5.47129E-05,0,5.47129E-05,0,1.2269E-11,0.0907636,4.39883E-13,6.57122E-21,7.99483E-21,0,0,-1.12E-15,0.102831,0.127187,0.135106,0.134876,0.134876,0.135106,0.127187,0.102831,0.102831,0.127187,0.135106,0.134876,0.134876,0.135106,0.127187,0.102831,1.2951E-11,1.29509E-11,1,2.59121E-18,1.22689E-11,4.39883E-13,6.57122E-21,1.9039E-13,5.167E-14
"MODRA CM 1 CN High Indet LT 0.8","9.523E-08","0.9219","350","PrecLevel7",2E-07,0.999939,6.14683E-05,0.5,1.23E-11,1.22986E-11,1,6.14683E-05,1.00242E-05,4.5,7,0.146885,0.125001,0.125,0.125,0.124999,0.125,0.125,0.125,0.125001,1,1,0.0625007,0.0625007,,,1.22986E-11,,,,,1.72249E-17,1.72318E-24,3.45E-24,0.0934252,9.99994,9.99993,19.9999,0.000131468,1000,1000,4.91944E-12,3.228E-12,0,3.2284E-12,8.47455E-13,0,0.000121444,0.000121444,7E-05,5.14442E-05,0,5.14442E-05,0,1.2299E-11,0.0625004,1.72249E-17,1.72318E-24,3.44636E-24,0,0,0,0.102831,0.127187,0.135106,0.134876,0.134876,0.135106,0.127187,0.102831,0.102831,0.127187,0.135106,0.134876,0.134876,0.135106,0.127187,0.102831,1.2299E-11,1.22986E-11,1,2.46070E-18,1.22986E-11,1.72249E-17,1.72318E-24,3.1244E-24,3.22E-25
"MODRA CM 1 CN High Indet LT 0.8","9.523E-08","0.9219","350","Rounds1",1E-10,0,1,0.480567,1,1,1,1,0.113756,4.34454,2.23026,0.770137,0.150509,0.136288,0.124499,0.117652,0.114468,0.114587,0.118491,0.123506,1,1,0.446216,0.461825,,,0.975306,,,,,0.0124063,8.9589E-10,0.012288,0.496783,9.25195,9.34557,18.5975,1.40248,999.301,999.457,0.402458,0.327444,0.283945,0.61139,0.203773,0.190682,0.886266,1.28872,2.23026E-05,0.886244,0.388856,0.497388,0,0.975306,0.458394,0.0124063,8.9589E-10,1.92623E-14,0.436342,0,-6.44197E-13,0.111049,0.1354,0.140808,0.136717,0.132616,0.129239,0.119159,0.0950116,0.111049,0.1354,0.140808,0.136717,0.132616,0.129239,0.119159,0.0950116,1,1,0,0,0.975306,0.0124063,8.9589E-10,0.00618354,0.0061045
"MODRA CM 1 CN High Indet LT 0.8","9.523E-08","0.9219","350","PrePrimary1",0,,,,,,,,,,,,,,,,,,,,,,,,,,,,,,,,,,,,,,,,,,,,,,,,,,,,,,,,,,,,,,,,,,,,,,,,,,,,,,,,,,,,,,
"MODRA CM 1 CN High Indet LT 0.8","9.523E-08","0.9219","350","PrePrimary2",0,,,,,,,,,,,,,,,,,,,,,,,,,,,,,,,,,,,,,,,,,,,,,,,,,,,,,,,,,,,,,,,,,,,,,,,,,,,,,,,,,,,,,,
"MODRA CM 1 CN High Indet LT 0.8","9.523E-08","0.9219","350","PrePrimary3",0,,,,,,,,,,,,,,,,,,,,,,,,,,,,,,,,,,,,,,,,,,,,,,,,,,,,,,,,,,,,,,,,,,,,,,,,,,,,,,,,,,,,,,
"MODRA CM 1 CN High Indet LT 0.8","9.523E-08","0.9219","350","PrePrimary4",0,,,,,,,,,,,,,,,,,,,,,,,,,,,,,,,,,,,,,,,,,,,,,,,,,,,,,,,,,,,,,,,,,,,,,,,,,,,,,,,,,,,,,,
"MODRA CM 1 CN High Indet LT 0.8","9.523E-08","0.9219","350","PrePrimary5",0,,,,,,,,,,,,,,,,,,,,,,,,,,,,,,,,,,,,,,,,,,,,,,,,,,,,,,,,,,,,,,,,,,,,,,,,,,,,,,,,,,,,,,
"MODRA CM 1 CN High Indet LT 0.8","9.523E-08","0.9219","350","PrePrimary6",0,,,,,,,,,,,,,,,,,,,,,,,,,,,,,,,,,,,,,,,,,,,,,,,,,,,,,,,,,,,,,,,,,,,,,,,,,,,,,,,,,,,,,,
"MODRA CM 1 CN High Indet LT 0.8","9.523E-08","0.9219","350","PrePrimary7",0,,,,,,,,,,,,,,,,,,,,,,,,,,,,,,,,,,,,,,,,,,,,,,,,,,,,,,,,,,,,,,,,,,,,,,,,,,,,,,,,,,,,,,
"MODRA CM 1 CN High Indet LT 0.8","9.523E-08","0.9219","350","PrePrimary8",0,,,,,,,,,,,,,,,,,,,,,,,,,,,,,,,,,,,,,,,,,,,,,,,,,,,,,,,,,,,,,,,,,,,,,,,,,,,,,,,,,,,,,,
"MODRA CM 1 CN High Indet LT 0.8","9.523E-08","0.9219","350","PrePrimary9",0,,,,,,,,,,,,,,,,,,,,,,,,,,,,,,,,,,,,,,,,,,,,,,,,,,,,,,,,,,,,,,,,,,,,,,,,,,,,,,,,,,,,,,
"MODRA CM 1 CN High Indet LT 0.8","9.523E-08","0.9219","350","PrePrimary10",0,,,,,,,,,,,,,,,,,,,,,,,,,,,,,,,,,,,,,,,,,,,,,,,,,,,,,,,,,,,,,,,,,,,,,,,,,,,,,,,,,,,,,,
"MODRA CM 1 CN High Indet LT 0.8","9.523E-08","0.9219","350","Truly Liable",5E-11,0,1,0.713399,1,1,1,1,0.108828,6.2072,1.30441,1.06039,0,0,0.0572879,0.106361,0.150957,0.194193,0.239662,0.251538,1,1,0.537199,0.562917,,,0.983646,,,,,8.64269E-10,1.59967E-09,0.016354,0.652987,9.34926,9.24746,18.5967,1.40328,999.48,999.321,0.403271,0.0032037,0.65074,0.653944,0.000961108,0.437,0.891185,1.29446,1.30441E-05,0.891172,0.891172,0,0,0.983646,0.549198,8.64269E-10,1.59967E-09,1.26976E-16,1,0,-2.38407E-13,0.0119385,0.0319585,0.0671346,0.114798,0.16608,0.206736,0.217147,0.184206,0.0119385,0.0319585,0.0671346,0.114798,0.16608,0.206736,0.217147,0.184206,1,1,2.0008E-07,2.0008E-07,0.983646,8.64269E-10,1.59967E-09,0.00567508,0.010679
"MODRA CM 1 CN High Indet LT 0.8","9.523E-08","0.9219","350","Truly Not Liable",6.9E-5,0,1,0.452602,8.5721E-7,8.57213E-07,1,1,0.144211,4.12081,5,0.438953,0.17046,0.149148,0.131371,0.119557,0.111862,0.107317,0.105775,0.104509,1,1,0.375784,0.383568,,,8.3051E-07,,,,,1.88675E-08,3.00946E-16,7.835E-9,0.280431,9,9.99995,18.9999,1.00005,998.808,1000,3.44452E-07,4.9585E-7,0,4.95853E-7,3.09261E-07,0,0.855839,0.855839,5E-05,0.855789,0,0.855789,0,8.3051E-07,0.387026,1.88675E-08,3.00946E-16,2.92099E-20,0,0,-9.93806E-14,0.122726,0.147153,0.149082,0.139529,0.129522,0.120855,0.10753,0.0836031,0.122726,0.147153,0.149082,0.139529,0.129522,0.120855,0.10753,0.0836031,8.57213E-7,8.57213E-07,0.999999,1.71511E-13,8.3051E-07,1.88675E-08,3.00946E-16,5.63802E-9,2.1973E-9
"MODRA CM 1 CN High Indet LT 0.8","9.523E-08","0.9219","350","Liability Strength1",0.125,0.999905,9.46375E-05,0.0625,1.271E-10,1.27079E-10,1,9.46375E-05,1.08406E-05,1,5,0.215989,1,0,0,0,0,0,0,0,1,1,0.41346,0.417408,,,1.23117E-10,,,,,3.59309E-12,1.24988E-20,3.7E-13,0.243484,9.99991,9.99995,19.9999,0.000144638,1000,1000,5.09057E-11,7.781E-11,0,7.7805E-11,5.12417E-11,0,0.000133797,0.000133797,5.00002E-05,8.37969E-05,0,8.37969E-05,0,1.2312E-10,0.424494,3.59309E-12,1.24988E-20,4.65223E-24,0,0,0.936714,0.224521,0.24392,0.207842,0.14645,0.0898714,0.0498815,0.0255102,0.0120032,0.394013,0.326145,0.184955,0.0718393,0.0191031,0.00347586,0.000432504,3.67801E-05,1.2708E-10,1.27079E-10,1,2.54261E-17,1.23117E-10,3.59309E-12,1.24988E-20,2.7954E-13,8.997E-14
"MODRA CM 1 CN High Indet LT 0.8","9.523E-08","0.9219","350","Liability Strength2",0.125,0.999917,8.28058E-05,0.1875,1.151E-10,1.15073E-10,1,8.28058E-05,1.01107E-05,2,5,0.279693,0,1,0,0,0,0,0,0,1,1,0.420382,0.429467,,,1.10497E-10,,,,,3.59850E-12,4.75635E-20,9.77E-13,0.301114,9.99992,9.99995,19.9999,0.000132806,1000,1000,4.62244E-11,7.158E-11,0,7.1581E-11,4.77293E-11,0,0.000122695,0.000122695,5.00002E-05,7.26951E-05,0,7.26951E-05,0,1.105E-10,0.435983,3.59850E-12,4.75635E-20,3.98109E-24,0,0,0.708296,0.194115,0.219714,0.199291,0.153453,0.105573,0.0669781,0.0395248,0.0213511,0.24594,0.29712,0.245942,0.139472,0.054173,0.0144053,0.00262109,0.000326145,1.1507E-10,1.15073E-10,1,2.30237E-17,1.10497E-10,3.59850E-12,4.75635E-20,6.8272E-13,2.941E-13
"MODRA CM 1 CN High Indet LT 0.8","9.523E-08","0.9219","350","Liability Strength3",0.125,0.999927,7.29362E-05,0.3125,1.051E-10,1.05119E-10,1,7.29362E-05,9.51817E-06,3,5,0.347412,0,0,1,0,0,0,0,0,1,1,0.428597,0.445861,,,1.00841E-10,,,,,2.31394E-12,1.26637E-19,1.96E-12,0.387392,9.99993,9.99995,19.9999,0.000122936,1000,1000,4.24407E-11,5.033E-11,1.295E-11,6.3282E-11,3.2056E-11,8.17199E-12,0.000113418,0.000113418,5.00002E-05,6.3418E-05,1.9187499999999998E-11,6.3418E-05,0,1.0084E-10,0.4459,2.31394E-12,1.26637E-19,3.17162E-24,2.89377E-07,0,0.437049,0.153945,0.184876,0.18293,0.158248,0.125176,0.0924019,0.0633476,0.0390757,0.122435,0.215899,0.260828,0.2159,0.122436,0.0475557,0.0126457,0.00230093,1.0512E-10,1.05119E-10,1,2.10323E-17,1.00841E-10,2.31394E-12,1.26637E-19,1.2036E-12,7.611E-13
"MODRA CM 1 CN High Indet LT 0.8","9.523E-08","0.9219","350","Liability Strength4",0.125,0.999934,6.63773E-05,0.4375,9.934E-11,9.93388E-11,1,6.63773E-05,9.28382E-06,4,5,0.419172,0,0,0,1,0,0,0,0,1,1,0.438195,0.463438,,,9.57787E-11,,,,,8.15026E-13,2.08931E-19,2.75E-12,0.489927,9.99993,9.99995,19.9999,0.000116378,1000,1000,4.02845E-11,3.414E-11,2.407E-11,5.8209E-11,2.03098E-11,1.51733E-11,0.000107094,0.000107094,5.00002E-05,5.70935E-05,3.54567E-11,5.70935E-05,0,9.5779E-11,0.45373,8.15026E-13,2.08931E-19,2.24516E-24,5.90351E-07,0,0.146667,0.109093,0.141947,0.157031,0.156098,0.14414,0.124491,0.098655,0.0685449,0.0454964,0.117134,0.206552,0.249535,0.206553,0.117135,0.0454966,0.0120982,9.9339E-11,9.93388E-11,1,1.98757E-17,9.57787E-11,8.15026E-13,2.08931E-19,1.4002E-12,1.345E-12
"MODRA CM 1 CN High Indet LT 0.8","9.523E-08","0.9219","350","Liability Strength5",0.125,0.999938,6.21053E-05,0.5625,9.665E-11,9.66503E-11,1,6.21053E-05,9.33651E-06,5,5,0.49497,0,0,0,0,1,0,0,0,1,1,0.449969,0.477657,,,9.40723E-11,,,,,1.41741E-13,1.99771E-19,2.44E-12,0.581435,9.99994,9.99995,19.9999,0.000112105,1000,1000,3.91474E-11,2.176E-11,3.507E-11,5.6823E-11,1.17684E-11,2.27818E-11,0.000102769,0.000102769,5.00002E-05,5.27688E-05,5.00211E-11,5.27687E-05,0,9.4072E-11,0.463151,1.41741E-13,1.99771E-19,1.31741E-24,8.9551E-07,0,-0.14665,0.0685442,0.0986541,0.12449,0.144139,0.156097,0.157032,0.141949,0.109095,0.0120982,0.0454966,0.117135,0.206553,0.249535,0.206552,0.117134,0.0454965,9.665E-11,9.66503E-11,1,1.93378E-17,9.40723E-11,1.41741E-13,1.99771E-19,1.0197E-12,1.417E-12
"MODRA CM 1 CN High Indet LT 0.8","9.523E-08","0.9219","350","Liability Strength6",0.125,0.99994,5.95819E-05,0.6875,9.675E-11,9.67503E-11,1,5.95819E-05,9.65621E-06,6,5,0.574766,0,0,0,0,0,1,0,0,1,1,0.464053,0.487094,,,9.54226E-11,,,,,1.21874E-14,1.11693E-19,1.32E-12,0.647613,9.99994,9.99995,19.9999,0.000109582,1000,1000,3.89632E-11,1.169E-11,4.621E-11,5.79E-11,5.39523E-12,3.06029E-11,9.99258E-05,9.99259E-05,5.00002E-05,4.99257E-05,6.386290000000001E-11,4.99256E-05,0,9.5423E-11,0.474696,1.21874E-14,1.11693E-19,6.08305E-25,1.20078E-06,0,-0.43704,0.0390755,0.0633474,0.0924016,0.125175,0.158246,0.18293,0.184877,0.153947,0.00230094,0.0126457,0.0475557,0.122436,0.2159,0.260827,0.215899,0.122435,9.675E-11,9.67503E-11,1,1.93578E-17,9.54226E-11,1.21874E-14,1.11693E-19,4.6358E-13,8.52E-13
"MODRA CM 1 CN High Indet LT 0.8","9.523E-08","0.9219","350","Liability Strength7",0.125,0.999941,5.87256E-05,0.8125,1E-10,1.00046E-10,1,5.87256E-05,1.02912E-05,7,5,0.658482,0,0,0,0,0,0,1,0,1,1,0.47806,0.493223,,,9.95911E-11,,,,,5.79920E-16,3.94330E-20,4.54E-13,0.691697,9.99994,9.99995,19.9999,0.000108726,1000,1000,4.01093E-11,4.649E-12,5.956E-11,6.4205E-11,1.80108E-12,4.15374E-11,9.84346E-05,9.84346E-05,5.00002E-05,4.84344E-05,7.80755E-11,4.84344E-05,0,9.9591E-11,0.485318,5.79920E-16,3.94330E-20,2.21625E-25,1.50354E-06,0,-0.7083,0.0213512,0.039525,0.0669786,0.105573,0.153453,0.19929,0.219713,0.194115,0.000326149,0.00262111,0.0144054,0.054173,0.139472,0.245941,0.29712,0.245941,1.0005E-10,1.00046E-10,1,2.00172E-17,9.95911E-11,5.79920E-16,3.94330E-20,1.4009E-13,3.143E-13
"MODRA CM 1 CN High Indet LT 0.8","9.523E-08","0.9219","350","Liability Strength8",0.125,0.999942,5.80226E-05,0.9375,1.043E-10,1.0428E-10,1,5.80226E-05,1.10276E-05,8,5,0.745991,0,0,0,0,0,0,0,1,1,1,0.489466,0.497977,,,1.04167E-10,,,,,1.84694E-17,9.90859E-21,1.13E-13,0.720592,9.99994,9.99995,19.9999,0.000108023,1000,1000,4.17347E-11,4.523E-12,6.189E-11,6.6413E-11,1.75183E-12,4.27323E-11,9.69951E-05,9.69952E-05,5.00002E-05,4.69949E-05,8.172180000000001E-11,4.69949E-05,0,1.0417E-10,0.493646,1.84694E-17,9.90859E-21,6.64252E-26,1.59716E-06,0,-0.936737,0.0120034,0.0255106,0.0498826,0.0898733,0.146452,0.207843,0.243918,0.224517,3.67809E-05,0.00043251,0.00347589,0.0191032,0.0718394,0.184955,0.326144,0.394013,1.0428E-10,1.0428E-10,1,2.08644E-17,1.04167E-10,1.84694E-17,9.90859E-21,3.1533E-14,8.132E-14
"MODRA CM 1 CN High Indet LT 0.8","9.523E-08","0.9219","350","PLiabilitySignal1",0.1028,0.999917,8.2826E-05,0.292088,1.14E-10,1.13977E-10,1,8.2826E-05,9.9298E-06,2.83671,5,0.342063,0.272927,0.235963,0.187133,0.132611,0.0833209,0.0474995,0.0259542,0.0145912,1,1,0.410699,0.428149,,,1.13977E-10,,,,,2.18143E-17,2.8739E-23,1.35E-16,0.389246,9.99992,9.99995,19.9999,0.000132826,1000,1000,4.55909E-11,6.64E-11,3.29E-12,6.9695E-11,4.34709E-11,2.03188E-12,0.000122896,0.000122896,5.00002E-05,7.28962E-05,4.8448499999999995E-12,7.28962E-05,0,1.1398E-10,0.419424,2.18143E-17,2.8739E-23,3.98042E-24,6.45526E-08,0,-1.50627,1,0,0,0,0,0,0,0,0.283165,0.284353,0.214217,0.12544,0.0593233,0.0234005,0.00784805,0.00225338,1.1398E-10,1.13977E-10,1,2.28046E-17,1.13977E-10,2.18143E-17,2.8739E-23,8.2228E-17,5.241E-17
"MODRA CM 1 CN High Indet LT 0.8","9.523E-08","0.9219","350","PLiabilitySignal2",0.1272,0.99992,8.02934E-05,0.325693,1.124E-10,1.12358E-10,1,8.02934E-05,9.92026E-06,3.10554,5,0.361833,0.239728,0.215936,0.181697,0.139506,0.0969574,0.062258,0.0388455,0.0250721,1,1,0.412345,0.434901,,,1.12358E-10,,,,,2.08935E-17,2.82323E-23,1.32E-16,0.409534,9.99992,9.99995,19.9999,0.000130294,1000,1000,4.49431E-11,6.105E-11,7.184E-12,6.8236E-11,3.96191E-11,4.4823E-12,0.000120373,0.000120373,5.00002E-05,7.03732E-05,1.04654E-11,7.03732E-05,0,1.1236E-10,0.423623,2.08935E-17,2.82323E-23,3.85871E-24,1.44118E-07,0,-0.837045,0,1,0,0,0,0,0,0,0.2299,0.252798,0.216092,0.149198,0.0859312,0.0420859,0.01765,0.00634518,1.1236E-10,1.12358E-10,1,2.24805E-17,1.12358E-10,2.08935E-17,2.82323E-23,7.8186E-17,5.423E-17
"MODRA CM 1 CN High Indet LT 0.8","9.523E-08","0.9219","350","PLiabilitySignal3",0.1351,0.999923,7.65778E-05,0.38022,1.1E-10,1.09997E-10,1,7.65778E-05,9.93303E-06,3.54176,5,0.394183,0.192297,0.184384,0.169247,0.145285,0.115177,0.0854898,0.0619687,0.0461516,1,1,0.432262,0.44512,,,1.04032E-10,,,,,5.96497E-12,2.78047E-23,1.30E-16,0.440155,9.99992,9.99995,19.9999,0.000126578,1000,1000,4.39988E-11,5.189E-11,1.442E-11,6.6302E-11,3.31391E-11,9.14811E-12,0.000116645,0.000116645,5.00002E-05,6.66448E-05,2.0635700000000002E-11,6.66448E-05,0,1.0403E-10,0.456677,5.96497E-12,2.78047E-23,4.2935E-24,2.98829E-07,0,-0.36328,0,0,1,0,0,0,0,0,0.163043,0.203426,0.205016,0.172371,0.123246,0.0754669,0.0396191,0.0178105,1.1E-10,1.09997E-10,1,2.20082E-17,1.04032E-10,5.96497E-12,2.78047E-23,7.2967E-17,5.737E-17
"MODRA CM 1 CN High Indet LT 0.8","9.523E-08","0.9219","350","PLiabilitySignal4",0.1349,0.999928,7.17929E-05,0.456753,1.07E-10,1.06983E-10,1,7.17929E-05,9.9757E-06,4.15403,5,0.440046,0.135727,0.142217,0.146659,0.144667,0.133584,0.116009,0.0978431,0.0832929,1,1,0.435029,0.45828,,,1.0325E-10,,,,,3.73289E-12,2.68683E-23,1.26E-16,0.487518,9.99993,9.99995,19.9999,0.000121793,1000,1000,4.27931E-11,3.904E-11,2.52E-11,6.4236E-11,2.40623E-11,1.63735E-11,0.000111817,0.000111817,5.00002E-05,6.18172E-05,3.5204E-11,6.18172E-05,0,1.0325E-10,0.458284,3.73289E-12,2.68683E-23,4.02523E-24,5.45975E-07,0,-0.0910439,0,0,0,1,0,0,0,0,0.0956372,0.140692,0.172665,0.180209,0.16108,0.123456,0.0810322,0.0452287,1.0698E-10,1.06983E-10,1,2.14051E-17,1.0325E-10,3.73289E-12,2.68683E-23,6.4437E-17,6.130E-17
"MODRA CM 1 CN High Indet LT 0.8","9.523E-08","0.9219","350","PLiabilitySignal5",0.1349,0.999933,6.6644E-05,0.543248,1.038E-10,1.03773E-10,1,6.6644E-05,1.0035E-05,4.84598,5,0.492454,0.0832912,0.0978425,0.11601,0.133585,0.144667,0.146659,0.142217,0.135729,1,1,0.438186,0.471716,,,1.01851E-10,,,,,3.84623E-19,2.77797E-23,1.92E-12,0.210743,9.99993,9.99995,19.9999,0.000116644,1000,1000,4.18938E-11,2.624E-11,3.731E-11,6.3553E-11,1.56771E-11,2.49022E-11,0.000106609,0.000106609,5.00002E-05,5.6609E-05,5.06848E-11,5.66089E-05,0,1.0185E-10,0.461178,3.84623E-19,2.77797E-23,6.81736E-30,8.50894E-07,0,0.0910439,0,0,0,0,1,0,0,0,0.0452287,0.0810322,0.123456,0.16108,0.180209,0.172665,0.140692,0.0956372,1.0377E-10,1.03773E-10,1,2.0763E-17,1.01851E-10,3.84623E-19,2.77797E-23,1.5172E-12,4.051E-13
"MODRA CM 1 CN High Indet LT 0.8","9.523E-08","0.9219","350","PLiabilitySignal6",0.1351,0.999938,6.20792E-05,0.61978,1.01E-10,1.00959E-10,1,6.20792E-05,1.00828E-05,5.45824,5,0.539334,0.0461507,0.0619682,0.08549,0.115178,0.145285,0.169246,0.184384,0.192297,1,1,0.468401,0.482389,,,9.71953E-11,,,,,1.67876E-19,2.52917E-19,3.76E-12,0.552434,9.99994,9.99995,19.9999,0.000112079,1000,1000,4.11364E-11,1.621E-11,4.616E-11,6.237E-11,8.88099E-12,3.16825E-11,0.000101996,0.000101997,5.00002E-05,5.19963E-05,6.26934E-11,5.19963E-05,0,9.7195E-11,0.473917,1.67876E-19,2.52917E-19,6.50717E-30,1.13514E-06,0,0.36328,0,0,0,0,0,1,0,0,0.0178105,0.0396191,0.0754669,0.123246,0.172371,0.205016,0.203426,0.163043,1.0096E-10,1.00959E-10,1,2.01999E-17,9.71953E-11,1.67876E-19,2.52917E-19,1.6846E-12,2.079E-12
"MODRA CM 1 CN High Indet LT 0.8","9.523E-08","0.9219","350","PLiabilitySignal7",0.1272,0.999941,5.86735E-05,0.674306,9.888E-11,9.88802E-11,1,5.86735E-05,1.00996E-05,5.89445,5,0.57306,0.0250717,0.0388452,0.0622581,0.0969583,0.139507,0.181698,0.215936,0.239726,1,1,0.49304,0.489278,,,9.59047E-11,,,,,9.53893E-19,3.42861E-19,2.98E-12,0.571941,9.99994,9.99995,19.9999,0.000108674,1000,1000,4.01471E-11,9.977E-12,5.127E-11,6.1246E-11,5.09132E-12,3.49442E-11,9.8574E-05,9.85741E-05,5.00002E-05,4.85739E-05,6.970290000000001E-11,4.85738E-05,0,9.5905E-11,0.490301,9.53893E-19,3.42861E-19,5.15460E-26,1.34006E-06,0,0.837045,0,0,0,0,0,0,1,0,0.00634518,0.01765,0.0420859,0.0859312,0.149198,0.216092,0.252798,0.2299,9.888E-11,9.88802E-11,1,1.9784E-17,9.59047E-11,9.53893E-19,3.42861E-19,1.2737E-12,1.702E-12
"MODRA CM 1 CN High Indet LT 0.8","9.523E-08","0.9219","350","PLiabilitySignal8",0.1028,0.999944,5.64224E-05,0.70791,9.752E-11,9.75166E-11,1,5.64224E-05,1.00894E-05,6.16328,5,0.594012,0.0145911,0.0259541,0.0474997,0.0833218,0.132613,0.187136,0.235964,0.272921,1,1,0.495086,0.493208,,,9.60519E-11,,,,,2.93046E-19,1.62971E-19,1.46E-12,0.612479,9.99994,9.99995,19.9999,0.000106423,1000,1000,3.92996E-11,6.73E-12,5.427E-11,6.0995E-11,3.04288E-12,3.71281E-11,9.63331E-05,9.63331E-05,5.00002E-05,4.63329E-05,7.29695E-11,4.63329E-05,0,9.6052E-11,0.493626,2.93046E-19,1.62971E-19,3.26078E-26,1.46211E-06,0,1.50627,0,0,0,0,0,0,0,1,0.00225338,0.00784805,0.0234005,0.0593233,0.12544,0.214217,0.284353,0.283165,9.7517E-11,9.75166E-11,1,1.95111E-17,9.60519E-11,2.93046E-19,1.62971E-19,5.6758E-13,8.971E-13
"MODRA CM 1 CN High Indet LT 0.8","9.523E-08","0.9219","350","DLiabilitySignal1",0.1028,0.999917,8.2826E-05,0.167255,1.14E-10,1.13977E-10,1,8.2826E-05,9.9298E-06,1.83804,5,0.271136,0.47896,0.298962,0.148829,0.0553045,0.0147063,0.00279698,0.000396462,4.47105E-05,1,1,0.41936,0.410699,,,1.0608E-10,,,,,5.5542E-12,1.84489E-19,2.34E-12,0.357061,9.99992,9.99995,19.9999,0.000132826,1000,1000,4.60594E-11,6.571E-11,3.458E-12,6.9166E-11,4.31180E-11,2.38931E-12,0.000122896,0.000122896,5.00002E-05,7.28962E-05,4.8448499999999995E-12,7.28962E-05,0,1.0608E-10,0.432492,5.5542E-12,1.84489E-19,3.87414E-24,6.45526E-08,0,1.50627,0.283165,0.284353,0.214217,0.12544,0.0593233,0.0234005,0.00784805,0.00225338,1,0,0,0,0,0,0,0,1.1398E-10,1.13977E-10,1,2.28046E-17,1.0608E-10,5.5542E-12,1.84489E-19,1.5062E-12,8.365E-13
"MODRA CM 1 CN High Indet LT 0.8","9.523E-08","0.9219","350","DLiabilitySignal2",0.1272,0.99992,8.02934E-05,0.227647,1.124E-10,1.12358E-10,1,8.02934E-05,9.92026E-06,2.32117,5,0.304166,0.320539,0.292012,0.212186,0.115119,0.0447141,0.0124283,0.00257605,0.000425076,1,1,0.423377,0.412345,,,1.02441E-10,,,,,5.80434E-12,3.77464E-19,4.11E-12,0.406266,9.99992,9.99995,19.9999,0.000130294,1000,1000,4.57655E-11,6.068E-11,7.514E-12,6.8191E-11,3.96179E-11,5.25239E-12,0.000120373,0.000120373,5.00002E-05,7.03732E-05,1.04654E-11,7.03732E-05,0,1.0244E-10,0.43753,5.80434E-12,3.77464E-19,3.58621E-24,1.44118E-07,0,0.837045,0.2299,0.252798,0.216092,0.149198,0.0859312,0.0420859,0.01765,0.00634518,0,1,0,0,0,0,0,0,1.1236E-10,1.12358E-10,1,2.24805E-17,1.02441E-10,5.80434E-12,3.77464E-19,2.4416E-12,1.671E-12
"MODRA CM 1 CN High Indet LT 0.8","9.523E-08","0.9219","350","DLiabilitySignal3",0.1351,0.999923,7.65778E-05,0.31743,1.1E-10,1.09997E-10,1,7.65778E-05,9.93303E-06,3.03944,5,0.354649,0.171122,0.227546,0.241317,0.191101,0.108372,0.0439985,0.0133279,0.00321591,1,1,0.429966,0.432262,,,1.06053E-10,,,,,1.56175E-17,2.03968E-19,3.94E-12,0.648778,9.99992,9.99995,19.9999,0.000126578,1000,1000,4.47876E-11,5.297E-11,1.498E-11,6.7946E-11,3.33013E-11,1.06573E-11,0.000116645,0.000116645,5.00002E-05,6.66448E-05,2.0635700000000002E-11,6.66448E-05,0,1.0605E-10,0.425105,1.56175E-17,2.03968E-19,3.08966E-24,2.98829E-07,0,0.36328,0.163043,0.203426,0.205016,0.172371,0.123246,0.0754669,0.0396191,0.0178105,0,0,1,0,0,0,0,0,1.1E-10,1.09997E-10,1,2.20082E-17,1.06053E-10,1.56175E-17,2.03968E-19,1.3853E-12,2.559E-12
"MODRA CM 1 CN High Indet LT 0.8","9.523E-08","0.9219","350","DLiabilitySignal4",0.1349,0.999928,7.17929E-05,0.435182,1.07E-10,1.06983E-10,1,7.17929E-05,9.9757E-06,3.98146,5,0.423223,0.0665794,0.12926,0.200091,0.231262,0.191427,0.11347,0.0502064,0.0177044,1,1,0.439672,0.482144,,,1.06983E-10,,,,,1.1941E-17,2.73481E-23,1.31E-16,0.47826,9.99993,9.99995,19.9999,0.000121793,1000,1000,4.27931E-11,4.021E-11,2.438E-11,6.4588E-11,2.53137E-11,1.53988E-11,0.000111817,0.000111817,5.00002E-05,6.18172E-05,3.5204E-11,6.18172E-05,0,1.0698E-10,0.460908,1.1941E-17,2.73481E-23,2.35162E-24,5.45975E-07,0,0.0910439,0.0956372,0.140692,0.172665,0.180209,0.16108,0.123456,0.0810322,0.0452287,0,0,0,1,0,0,0,0,1.0698E-10,1.06983E-10,1,2.14051E-17,1.06983E-10,1.1941E-17,2.73481E-23,6.8300E-17,6.261E-17
"MODRA CM 1 CN High Indet LT 0.8","9.523E-08","0.9219","350","DLiabilitySignal5",0.1349,0.999933,6.6644E-05,0.564818,1.038E-10,1.03773E-10,1,6.6644E-05,1.0035E-05,5.01854,5,0.501784,0.0177044,0.0502063,0.11347,0.191427,0.231262,0.200091,0.12926,0.0665794,1,1,0.451636,0.48622,,,1.03773E-10,,,,,8.22920E-18,2.7138E-23,1.32E-16,0.526326,9.99993,9.99995,19.9999,0.000116644,1000,1000,4.15093E-11,2.621E-11,3.618E-11,6.2394E-11,1.55140E-11,2.3563E-11,0.000106609,0.000106609,5.00002E-05,5.6609E-05,5.06848E-11,5.66089E-05,0,1.0377E-10,0.468928,8.22920E-18,2.7138E-23,1.58478E-24,8.50894E-07,0,-0.0910439,0.0452287,0.0810322,0.123456,0.16108,0.180209,0.172665,0.140692,0.0956372,0,0,0,0,1,0,0,0,1.0377E-10,1.03773E-10,1,2.0763E-17,1.03773E-10,8.22920E-18,2.7138E-23,6.2466E-17,6.941E-17
"MODRA CM 1 CN High Indet LT 0.8","9.523E-08","0.9219","350","DLiabilitySignal6",0.1351,0.999938,6.20792E-05,0.68257,1.01E-10,1.00959E-10,1,6.20792E-05,1.00828E-05,5.96056,5,0.575915,0.00321589,0.0133278,0.0439984,0.108372,0.191101,0.241317,0.227546,0.171121,1,1,0.463453,0.490047,,,1.00959E-10,,,,,4.75449E-18,2.69557E-23,1.32E-16,0.569161,9.99994,9.99995,19.9999,0.000112079,1000,1000,4.03837E-11,1.561E-11,4.594E-11,6.1544E-11,8.48228E-12,3.06974E-11,0.000101996,0.000101997,5.00002E-05,5.19963E-05,6.26934E-11,5.19963E-05,0,1.0096E-10,0.47675,4.75449E-18,2.69557E-23,9.51279E-25,1.13514E-06,0,-0.36328,0.0178105,0.0396191,0.0754669,0.123246,0.172371,0.205016,0.203426,0.163043,0,0,0,0,0,1,0,0,1.0096E-10,1.00959E-10,1,2.01999E-17,1.00959E-10,4.75449E-18,2.69557E-23,5.702E-17,7.533E-17
"MODRA CM 1 CN High Indet LT 0.8","9.523E-08","0.9219","350","DLiabilitySignal7",0.1272,0.999941,5.86735E-05,0.772353,9.888E-11,9.88802E-11,1,5.86735E-05,1.00996E-05,6.67883,5,0.634215,0.000425071,0.00257603,0.0124282,0.0447141,0.11512,0.212187,0.292012,0.320538,1,1,0.472857,0.49304,,,9.888E-11,,,,,2.70921E-18,2.67984E-23,1.33E-16,0.599486,9.99994,9.99995,19.9999,0.000108674,1000,1000,3.95521E-11,9.43E-12,5.198E-11,6.1405E-11,4.62314E-12,3.5333E-11,9.8574E-05,9.85741E-05,5.00002E-05,4.85739E-05,6.970290000000001E-11,4.85738E-05,0,9.888E-11,0.482948,2.70921E-18,2.67984E-23,5.42060E-25,1.34006E-06,0,-0.837045,0.00634518,0.01765,0.0420859,0.0859312,0.149198,0.216092,0.252798,0.2299,0,0,0,0,0,0,1,0,9.888E-11,9.88802E-11,1,1.9784E-17,9.888E-11,2.70921E-18,2.67984E-23,5.3102E-17,7.948E-17
"MODRA CM 1 CN High Indet LT 0.8","9.523E-08","0.9219","350","DLiabilitySignal8",0.1028,0.999944,5.64224E-05,0.832745,9.752E-11,9.75166E-11,1,5.64224E-05,1.00894E-05,7.16196,5,0.674333,4.47097E-05,0.000396458,0.00279696,0.0147063,0.0553046,0.14883,0.298962,0.478959,1,1,0.479234,0.495086,,,9.75164E-11,,,,,1.58738E-18,2.66726E-23,1.33E-16,0.618467,9.99994,9.99995,19.9999,0.000106423,1000,1000,3.90067E-11,6.44E-12,5.493E-11,6.1366E-11,2.85959E-12,3.76836E-11,9.63331E-05,9.63331E-05,5.00002E-05,4.63329E-05,7.29695E-11,4.63329E-05,0,9.7516E-11,0.48716,1.58738E-18,2.66726E-23,3.17603E-25,1.46211E-06,0,-1.50627,0.00225338,0.00784805,0.0234005,0.0593233,0.12544,0.214217,0.284353,0.283165,0,0,0,0,0,0,0,1,9.7517E-11,9.75166E-11,1,1.95111E-17,9.75164E-11,1.58738E-18,2.66726E-23,5.0559E-17,8.196E-17
"MODRA CM 1 CN High Indet LT 0.8","9.523E-08","0.9219","350","High Quality",0.125,0.999942,5.80226E-05,0.9375,1.043E-10,1.0428E-10,1,5.80226E-05,1.10276E-05,8,5,0.745991,0,0,0,0,0,0,0,1,1,1,0.489466,0.497977,,,1.04167E-10,,,,,1.84694E-17,9.90859E-21,1.13E-13,0.720592,9.99994,9.99995,19.9999,0.000108023,1000,1000,4.17347E-11,4.523E-12,6.189E-11,6.6413E-11,1.75183E-12,4.27323E-11,9.69951E-05,9.69952E-05,5.00002E-05,4.69949E-05,8.172180000000001E-11,4.69949E-05,0,1.0417E-10,0.493646,1.84694E-17,9.90859E-21,6.64252E-26,1.59716E-06,0,-0.936737,0.0120034,0.0255106,0.0498826,0.0898733,0.146452,0.207843,0.243918,0.224517,3.67809E-05,0.00043251,0.00347589,0.0191032,0.0718394,0.184955,0.326144,0.394013,1.0428E-10,1.0428E-10,1,2.08644E-17,1.04167E-10,1.84694E-17,9.90859E-21,3.1533E-14,8.132E-14
"MODRA CM 1 CN High Indet LT 0.8","9.523E-08","0.9219","350","PLiabilitySignal 1",0.1028,0.999917,8.2826E-05,0.292088,1.14E-10,1.13977E-10,1,8.2826E-05,9.9298E-06,2.83671,5,0.342063,0.272927,0.235963,0.187133,0.132611,0.0833209,0.0474995,0.0259542,0.0145912,1,1,0.410699,0.428149,,,1.13977E-10,,,,,2.18143E-17,2.8739E-23,1.35E-16,0.389246,9.99992,9.99995,19.9999,0.000132826,1000,1000,4.55909E-11,6.64E-11,3.29E-12,6.9695E-11,4.34709E-11,2.03188E-12,0.000122896,0.000122896,5.00002E-05,7.28962E-05,4.8448499999999995E-12,7.28962E-05,0,1.1398E-10,0.419424,2.18143E-17,2.8739E-23,3.98042E-24,6.45526E-08,0,-1.50627,1,0,0,0,0,0,0,0,0.283165,0.284353,0.214217,0.12544,0.0593233,0.0234005,0.00784805,0.00225338,1.1398E-10,1.13977E-10,1,2.28046E-17,1.13977E-10,2.18143E-17,2.8739E-23,8.2228E-17,5.241E-17
"MODRA CM 1 CN High Indet LT 0.8","9.523E-08","0.9219","350","PLiabilitySignal 2",0.1272,0.99992,8.02934E-05,0.325693,1.124E-10,1.12358E-10,1,8.02934E-05,9.92026E-06,3.10554,5,0.361833,0.239728,0.215936,0.181697,0.139506,0.0969574,0.062258,0.0388455,0.0250721,1,1,0.412345,0.434901,,,1.12358E-10,,,,,2.08935E-17,2.82323E-23,1.32E-16,0.409534,9.99992,9.99995,19.9999,0.000130294,1000,1000,4.49431E-11,6.105E-11,7.184E-12,6.8236E-11,3.96191E-11,4.4823E-12,0.000120373,0.000120373,5.00002E-05,7.03732E-05,1.04654E-11,7.03732E-05,0,1.1236E-10,0.423623,2.08935E-17,2.82323E-23,3.85871E-24,1.44118E-07,0,-0.837045,0,1,0,0,0,0,0,0,0.2299,0.252798,0.216092,0.149198,0.0859312,0.0420859,0.01765,0.00634518,1.1236E-10,1.12358E-10,1,2.24805E-17,1.12358E-10,2.08935E-17,2.82323E-23,7.8186E-17,5.423E-17
"MODRA CM 1 CN High Indet LT 0.8","9.523E-08","0.9219","350","PLiabilitySignal 3",0.1351,0.999923,7.65778E-05,0.38022,1.1E-10,1.09997E-10,1,7.65778E-05,9.93303E-06,3.54176,5,0.394183,0.192297,0.184384,0.169247,0.145285,0.115177,0.0854898,0.0619687,0.0461516,1,1,0.432262,0.44512,,,1.04032E-10,,,,,5.96497E-12,2.78047E-23,1.30E-16,0.440155,9.99992,9.99995,19.9999,0.000126578,1000,1000,4.39988E-11,5.189E-11,1.442E-11,6.6302E-11,3.31391E-11,9.14811E-12,0.000116645,0.000116645,5.00002E-05,6.66448E-05,2.0635700000000002E-11,6.66448E-05,0,1.0403E-10,0.456677,5.96497E-12,2.78047E-23,4.2935E-24,2.98829E-07,0,-0.36328,0,0,1,0,0,0,0,0,0.163043,0.203426,0.205016,0.172371,0.123246,0.0754669,0.0396191,0.0178105,1.1E-10,1.09997E-10,1,2.20082E-17,1.04032E-10,5.96497E-12,2.78047E-23,7.2967E-17,5.737E-17
"MODRA CM 1 CN High Indet LT 0.8","9.523E-08","0.9219","350","PLiabilitySignal 4",0.1349,0.999928,7.17929E-05,0.456753,1.07E-10,1.06983E-10,1,7.17929E-05,9.9757E-06,4.15403,5,0.440046,0.135727,0.142217,0.146659,0.144667,0.133584,0.116009,0.0978431,0.0832929,1,1,0.435029,0.45828,,,1.0325E-10,,,,,3.73289E-12,2.68683E-23,1.26E-16,0.487518,9.99993,9.99995,19.9999,0.000121793,1000,1000,4.27931E-11,3.904E-11,2.52E-11,6.4236E-11,2.40623E-11,1.63735E-11,0.000111817,0.000111817,5.00002E-05,6.18172E-05,3.5204E-11,6.18172E-05,0,1.0325E-10,0.458284,3.73289E-12,2.68683E-23,4.02523E-24,5.45975E-07,0,-0.0910439,0,0,0,1,0,0,0,0,0.0956372,0.140692,0.172665,0.180209,0.16108,0.123456,0.0810322,0.0452287,1.0698E-10,1.06983E-10,1,2.14051E-17,1.0325E-10,3.73289E-12,2.68683E-23,6.4437E-17,6.130E-17
"MODRA CM 1 CN High Indet LT 0.8","9.523E-08","0.9219","350","PLiabilitySignal 5",0.1349,0.999933,6.6644E-05,0.543248,1.038E-10,1.03773E-10,1,6.6644E-05,1.0035E-05,4.84598,5,0.492454,0.0832912,0.0978425,0.11601,0.133585,0.144667,0.146659,0.142217,0.135729,1,1,0.438186,0.471716,,,1.01851E-10,,,,,3.84623E-19,2.77797E-23,1.92E-12,0.210743,9.99993,9.99995,19.9999,0.000116644,1000,1000,4.18938E-11,2.624E-11,3.731E-11,6.3553E-11,1.56771E-11,2.49022E-11,0.000106609,0.000106609,5.00002E-05,5.6609E-05,5.06848E-11,5.66089E-05,0,1.0185E-10,0.461178,3.84623E-19,2.77797E-23,6.81736E-30,8.50894E-07,0,0.0910439,0,0,0,0,1,0,0,0,0.0452287,0.0810322,0.123456,0.16108,0.180209,0.172665,0.140692,0.0956372,1.0377E-10,1.03773E-10,1,2.0763E-17,1.01851E-10,3.84623E-19,2.77797E-23,1.5172E-12,4.051E-13
"MODRA CM 1 CN High Indet LT 0.8","9.523E-08","0.9219","350","PLiabilitySignal 6",0.1351,0.999938,6.20792E-05,0.61978,1.01E-10,1.00959E-10,1,6.20792E-05,1.00828E-05,5.45824,5,0.539334,0.0461507,0.0619682,0.08549,0.115178,0.145285,0.169246,0.184384,0.192297,1,1,0.468401,0.482389,,,9.71953E-11,,,,,1.67876E-19,2.52917E-19,3.76E-12,0.552434,9.99994,9.99995,19.9999,0.000112079,1000,1000,4.11364E-11,1.621E-11,4.616E-11,6.237E-11,8.88099E-12,3.16825E-11,0.000101996,0.000101997,5.00002E-05,5.19963E-05,6.26934E-11,5.19963E-05,0,9.7195E-11,0.473917,1.67876E-19,2.52917E-19,6.50717E-30,1.13514E-06,0,0.36328,0,0,0,0,0,1,0,0,0.0178105,0.0396191,0.0754669,0.123246,0.172371,0.205016,0.203426,0.163043,1.0096E-10,1.00959E-10,1,2.01999E-17,9.71953E-11,1.67876E-19,2.52917E-19,1.6846E-12,2.079E-12
"MODRA CM 1 CN High Indet LT 0.8","9.523E-08","0.9219","350","PLiabilitySignal 7",0.1272,0.999941,5.86735E-05,0.674306,9.888E-11,9.88802E-11,1,5.86735E-05,1.00996E-05,5.89445,5,0.57306,0.0250717,0.0388452,0.0622581,0.0969583,0.139507,0.181698,0.215936,0.239726,1,1,0.49304,0.489278,,,9.59047E-11,,,,,9.53893E-19,3.42861E-19,2.98E-12,0.571941,9.99994,9.99995,19.9999,0.000108674,1000,1000,4.01471E-11,9.977E-12,5.127E-11,6.1246E-11,5.09132E-12,3.49442E-11,9.8574E-05,9.85741E-05,5.00002E-05,4.85739E-05,6.970290000000001E-11,4.85738E-05,0,9.5905E-11,0.490301,9.53893E-19,3.42861E-19,5.15460E-26,1.34006E-06,0,0.837045,0,0,0,0,0,0,1,0,0.00634518,0.01765,0.0420859,0.0859312,0.149198,0.216092,0.252798,0.2299,9.888E-11,9.88802E-11,1,1.9784E-17,9.59047E-11,9.53893E-19,3.42861E-19,1.2737E-12,1.702E-12
"MODRA CM 1 CN High Indet LT 0.8","9.523E-08","0.9219","350","PLiabilitySignal 8",0.1028,0.999944,5.64224E-05,0.70791,9.752E-11,9.75166E-11,1,5.64224E-05,1.00894E-05,6.16328,5,0.594012,0.0145911,0.0259541,0.0474997,0.0833218,0.132613,0.187136,0.235964,0.272921,1,1,0.495086,0.493208,,,9.60519E-11,,,,,2.93046E-19,1.62971E-19,1.46E-12,0.612479,9.99994,9.99995,19.9999,0.000106423,1000,1000,3.92996E-11,6.73E-12,5.427E-11,6.0995E-11,3.04288E-12,3.71281E-11,9.63331E-05,9.63331E-05,5.00002E-05,4.63329E-05,7.29695E-11,4.63329E-05,0,9.6052E-11,0.493626,2.93046E-19,1.62971E-19,3.26078E-26,1.46211E-06,0,1.50627,0,0,0,0,0,0,0,1,0.00225338,0.00784805,0.0234005,0.0593233,0.12544,0.214217,0.284353,0.283165,9.7517E-11,9.75166E-11,1,1.95111E-17,9.60519E-11,2.93046E-19,1.62971E-19,5.6758E-13,8.971E-13
"MODRA CM 1 CN High Indet LT 0.8","9.523E-08","0.9219","350","DLiabilitySignal 1",0.1028,0.999917,8.2826E-05,0.167255,1.14E-10,1.13977E-10,1,8.2826E-05,9.9298E-06,1.83804,5,0.271136,0.47896,0.298962,0.148829,0.0553045,0.0147063,0.00279698,0.000396462,4.47105E-05,1,1,0.41936,0.410699,,,1.0608E-10,,,,,5.5542E-12,1.84489E-19,2.34E-12,0.357061,9.99992,9.99995,19.9999,0.000132826,1000,1000,4.60594E-11,6.571E-11,3.458E-12,6.9166E-11,4.31180E-11,2.38931E-12,0.000122896,0.000122896,5.00002E-05,7.28962E-05,4.8448499999999995E-12,7.28962E-05,0,1.0608E-10,0.432492,5.5542E-12,1.84489E-19,3.87414E-24,6.45526E-08,0,1.50627,0.283165,0.284353,0.214217,0.12544,0.0593233,0.0234005,0.00784805,0.00225338,1,0,0,0,0,0,0,0,1.1398E-10,1.13977E-10,1,2.28046E-17,1.0608E-10,5.5542E-12,1.84489E-19,1.5062E-12,8.365E-13
"MODRA CM 1 CN High Indet LT 0.8","9.523E-08","0.9219","350","DLiabilitySignal 2",0.1272,0.99992,8.02934E-05,0.227647,1.124E-10,1.12358E-10,1,8.02934E-05,9.92026E-06,2.32117,5,0.304166,0.320539,0.292012,0.212186,0.115119,0.0447141,0.0124283,0.00257605,0.000425076,1,1,0.423377,0.412345,,,1.02441E-10,,,,,5.80434E-12,3.77464E-19,4.11E-12,0.406266,9.99992,9.99995,19.9999,0.000130294,1000,1000,4.57655E-11,6.068E-11,7.514E-12,6.8191E-11,3.96179E-11,5.25239E-12,0.000120373,0.000120373,5.00002E-05,7.03732E-05,1.04654E-11,7.03732E-05,0,1.0244E-10,0.43753,5.80434E-12,3.77464E-19,3.58621E-24,1.44118E-07,0,0.837045,0.2299,0.252798,0.216092,0.149198,0.0859312,0.0420859,0.01765,0.00634518,0,1,0,0,0,0,0,0,1.1236E-10,1.12358E-10,1,2.24805E-17,1.02441E-10,5.80434E-12,3.77464E-19,2.4416E-12,1.671E-12
"MODRA CM 1 CN High Indet LT 0.8","9.523E-08","0.9219","350","DLiabilitySignal 3",0.1351,0.999923,7.65778E-05,0.31743,1.1E-10,1.09997E-10,1,7.65778E-05,9.93303E-06,3.03944,5,0.354649,0.171122,0.227546,0.241317,0.191101,0.108372,0.0439985,0.0133279,0.00321591,1,1,0.429966,0.432262,,,1.06053E-10,,,,,1.56175E-17,2.03968E-19,3.94E-12,0.648778,9.99992,9.99995,19.9999,0.000126578,1000,1000,4.47876E-11,5.297E-11,1.498E-11,6.7946E-11,3.33013E-11,1.06573E-11,0.000116645,0.000116645,5.00002E-05,6.66448E-05,2.0635700000000002E-11,6.66448E-05,0,1.0605E-10,0.425105,1.56175E-17,2.03968E-19,3.08966E-24,2.98829E-07,0,0.36328,0.163043,0.203426,0.205016,0.172371,0.123246,0.0754669,0.0396191,0.0178105,0,0,1,0,0,0,0,0,1.1E-10,1.09997E-10,1,2.20082E-17,1.06053E-10,1.56175E-17,2.03968E-19,1.3853E-12,2.559E-12
"MODRA CM 1 CN High Indet LT 0.8","9.523E-08","0.9219","350","DLiabilitySignal 4",0.1349,0.999928,7.17929E-05,0.435182,1.07E-10,1.06983E-10,1,7.17929E-05,9.9757E-06,3.98146,5,0.423223,0.0665794,0.12926,0.200091,0.231262,0.191427,0.11347,0.0502064,0.0177044,1,1,0.439672,0.482144,,,1.06983E-10,,,,,1.1941E-17,2.73481E-23,1.31E-16,0.47826,9.99993,9.99995,19.9999,0.000121793,1000,1000,4.27931E-11,4.021E-11,2.438E-11,6.4588E-11,2.53137E-11,1.53988E-11,0.000111817,0.000111817,5.00002E-05,6.18172E-05,3.5204E-11,6.18172E-05,0,1.0698E-10,0.460908,1.1941E-17,2.73481E-23,2.35162E-24,5.45975E-07,0,0.0910439,0.0956372,0.140692,0.172665,0.180209,0.16108,0.123456,0.0810322,0.0452287,0,0,0,1,0,0,0,0,1.0698E-10,1.06983E-10,1,2.14051E-17,1.06983E-10,1.1941E-17,2.73481E-23,6.8300E-17,6.261E-17
"MODRA CM 1 CN High Indet LT 0.8","9.523E-08","0.9219","350","DLiabilitySignal 5",0.1349,0.999933,6.6644E-05,0.564818,1.038E-10,1.03773E-10,1,6.6644E-05,1.0035E-05,5.01854,5,0.501784,0.0177044,0.0502063,0.11347,0.191427,0.231262,0.200091,0.12926,0.0665794,1,1,0.451636,0.48622,,,1.03773E-10,,,,,8.22920E-18,2.7138E-23,1.32E-16,0.526326,9.99993,9.99995,19.9999,0.000116644,1000,1000,4.15093E-11,2.621E-11,3.618E-11,6.2394E-11,1.55140E-11,2.3563E-11,0.000106609,0.000106609,5.00002E-05,5.6609E-05,5.06848E-11,5.66089E-05,0,1.0377E-10,0.468928,8.22920E-18,2.7138E-23,1.58478E-24,8.50894E-07,0,-0.0910439,0.0452287,0.0810322,0.123456,0.16108,0.180209,0.172665,0.140692,0.0956372,0,0,0,0,1,0,0,0,1.0377E-10,1.03773E-10,1,2.0763E-17,1.03773E-10,8.22920E-18,2.7138E-23,6.2466E-17,6.941E-17
"MODRA CM 1 CN High Indet LT 0.8","9.523E-08","0.9219","350","DLiabilitySignal 6",0.1351,0.999938,6.20792E-05,0.68257,1.01E-10,1.00959E-10,1,6.20792E-05,1.00828E-05,5.96056,5,0.575915,0.00321589,0.0133278,0.0439984,0.108372,0.191101,0.241317,0.227546,0.171121,1,1,0.463453,0.490047,,,1.00959E-10,,,,,4.75449E-18,2.69557E-23,1.32E-16,0.569161,9.99994,9.99995,19.9999,0.000112079,1000,1000,4.03837E-11,1.561E-11,4.594E-11,6.1544E-11,8.48228E-12,3.06974E-11,0.000101996,0.000101997,5.00002E-05,5.19963E-05,6.26934E-11,5.19963E-05,0,1.0096E-10,0.47675,4.75449E-18,2.69557E-23,9.51279E-25,1.13514E-06,0,-0.36328,0.0178105,0.0396191,0.0754669,0.123246,0.172371,0.205016,0.203426,0.163043,0,0,0,0,0,1,0,0,1.0096E-10,1.00959E-10,1,2.01999E-17,1.00959E-10,4.75449E-18,2.69557E-23,5.702E-17,7.533E-17
"MODRA CM 1 CN High Indet LT 0.8","9.523E-08","0.9219","350","DLiabilitySignal 7",0.1272,0.999941,5.86735E-05,0.772353,9.888E-11,9.88802E-11,1,5.86735E-05,1.00996E-05,6.67883,5,0.634215,0.000425071,0.00257603,0.0124282,0.0447141,0.11512,0.212187,0.292012,0.320538,1,1,0.472857,0.49304,,,9.888E-11,,,,,2.70921E-18,2.67984E-23,1.33E-16,0.599486,9.99994,9.99995,19.9999,0.000108674,1000,1000,3.95521E-11,9.43E-12,5.198E-11,6.1405E-11,4.62314E-12,3.5333E-11,9.8574E-05,9.85741E-05,5.00002E-05,4.85739E-05,6.970290000000001E-11,4.85738E-05,0,9.888E-11,0.482948,2.70921E-18,2.67984E-23,5.42060E-25,1.34006E-06,0,-0.837045,0.00634518,0.01765,0.0420859,0.0859312,0.149198,0.216092,0.252798,0.2299,0,0,0,0,0,0,1,0,9.888E-11,9.88802E-11,1,1.9784E-17,9.888E-11,2.70921E-18,2.67984E-23,5.3102E-17,7.948E-17
"MODRA CM 1 CN High Indet LT 0.8","9.523E-08","0.9219","350","DLiabilitySignal 8",0.1028,0.999944,5.64224E-05,0.832745,9.752E-11,9.75166E-11,1,5.64224E-05,1.00894E-05,7.16196,5,0.674333,4.47097E-05,0.000396458,0.00279696,0.0147063,0.0553046,0.14883,0.298962,0.478959,1,1,0.479234,0.495086,,,9.75164E-11,,,,,1.58738E-18,2.66726E-23,1.33E-16,0.618467,9.99994,9.99995,19.9999,0.000106423,1000,1000,3.90067E-11,6.44E-12,5.493E-11,6.1366E-11,2.85959E-12,3.76836E-11,9.63331E-05,9.63331E-05,5.00002E-05,4.63329E-05,7.29695E-11,4.63329E-05,0,9.7516E-11,0.48716,1.58738E-18,2.66726E-23,3.17603E-25,1.46211E-06,0,-1.50627,0.00225338,0.00784805,0.0234005,0.0593233,0.12544,0.214217,0.284353,0.283165,0,0,0,0,0,0,0,1,9.7517E-11,9.75166E-11,1,1.95111E-17,9.75164E-11,1.58738E-18,2.66726E-23,5.0559E-17,8.196E-17
"MODRA CM 1 CN High Indet LT 0.8","9.523E-08","0.9219","350","PDoesntFile",1,0.999931,6.93989E-05,0.5,0,0,1,6.93989E-05,1.00081E-05,4.5,5,0.467059,0.125001,0.125,0.125,0.124999,0.124999,0.125,0.125,0.125001,1,1,,,,,0,,,,,0,0,0,,9.99993,9.99995,19.9999,0.000119399,1000,1000,0,0,0,0,0,0,0.000109391,0.000109391,5.00002E-05,5.93908E-05,0,5.93908E-05,0,0,,0,0,0,1.32771E-13,0,1.85865E-15,0.102831,0.127187,0.135106,0.134876,0.134876,0.135106,0.127187,0.102831,0.102831,0.127187,0.135106,0.134876,0.134876,0.135106,0.127187,0.102831,0,0,1,0,0,0,0,0,0
"MODRA CM 1 CN High Indet LT 0.8","9.523E-08","0.9219","350","P Files",1E-10,0,1,0.480567,1,1,1,1,0.113756,4.34454,2.23026,0.770137,0.150509,0.136288,0.124499,0.117652,0.114468,0.114587,0.118491,0.123506,1,1,0.446216,0.461825,,,0.975305,,,,,0.0124063,8.9589E-10,0.012288,0.496783,9.25195,9.34557,18.5975,1.40248,999.301,999.457,0.402458,0.327444,0.283945,0.61139,0.203773,0.190682,0.886266,1.28872,2.23026E-05,0.886244,0.388856,0.497388,0,0.975305,0.458394,0.0124063,8.9589E-10,1.92623E-14,0.436342,0,-6.49536E-13,0.111049,0.1354,0.140808,0.136717,0.132616,0.129239,0.119159,0.0950116,0.111049,0.1354,0.140808,0.136717,0.132616,0.129239,0.119159,0.0950116,1,1,0,2.0008E-07,0.975305,0.0124063,8.9589E-10,0.00618354,0.0061045
"MODRA CM 1 CN High Indet LT 0.8","9.523E-08","0.9219","350","DDoesntAnswer",2E-17,0,1,0.480567,1,0,1,1,0.113756,4.34454,2.23026,0.770137,0.150509,0.136288,0.124499,0.117652,0.114468,0.114587,0.118491,0.123506,1,1,,,,,0,,,,,0,0,0,,9.9,8.99998,18.9,1.10002,999.959,998.808,0.1,0.563658,0.0436342,0.607292,0.563658,0.00436342,0.886266,0.986266,2.23026E-05,0.886244,0.388856,0.497388,0,0,,0,0,0,0.436342,0,1.44403E-15,0.111049,0.1354,0.140808,0.136717,0.132616,0.129239,0.119159,0.0950116,0.111049,0.1354,0.140808,0.136717,0.132616,0.129239,0.119159,0.0950116,1,0,0,1,0,0,0,0,0
"MODRA CM 1 CN High Indet LT 0.8","9.523E-08","0.9219","350","D Answers",1E-10,0,1,0.480567,1,1,1,1,0.113756,4.34454,2.23026,0.770137,0.150509,0.136288,0.124499,0.117652,0.114468,0.114587,0.118491,0.123506,1,1,0.446216,0.461825,,,0.975306,,,,,0.0124063,8.9589E-10,0.012288,0.496783,9.25195,9.34557,18.5975,1.40248,999.301,999.457,0.402458,0.327444,0.283945,0.61139,0.203773,0.190682,0.886266,1.28872,2.23026E-05,0.886244,0.388856,0.497388,0,0.975306,0.458394,0.0124063,8.9589E-10,1.92623E-14,0.436342,0,-6.44197E-13,0.111049,0.1354,0.140808,0.136717,0.132616,0.129239,0.119159,0.0950116,0.111049,0.1354,0.140808,0.136717,0.132616,0.129239,0.119159,0.0950116,1,1,0,0,0.975306,0.0124063,8.9589E-10,0.00618354,0.0061045
"MODRA CM 1 CN High Indet LT 0.8","9.523E-08","0.9219","350","Settles1",1E-10,0,1,0.484431,1,1,1,1,0.113701,4.37545,2.19817,0.776051,0.149508,0.134182,0.122455,0.116308,0.114236,0.115876,0.120938,0.126496,1,1,0.448809,0.467978,,,1,,,,,0,0,0,,9.25839,9.34158,18.6,1.40002,999.323,999.46,0.4,0.328692,0.286401,0.615092,0.205148,0.190789,0.886321,1.28632,2.19817E-05,0.886299,0.392081,0.494218,0,1,0.458394,0,0,0,0.440073,0,-0.0747986,0.113861,0.138828,0.136544,0.135287,0.133455,0.127571,0.118499,0.0959542,0.105972,0.126576,0.139197,0.140178,0.135973,0.132511,0.122175,0.0974172,1,1,0,0,1,0,0,0,0
"MODRA CM 1 CN High Indet LT 0.8","9.523E-08","0.9219","350","DoesntSettle1",3E-12,0,1,0.327985,1,1,1,1,0.115916,3.12388,3.49781,0.536545,0.190051,0.219439,0.205207,0.170746,0.123644,0.0636789,0.0218204,0.00541368,1,1,0.343819,0.218809,,,0,,,,,0.502394,3.62792E-08,0.497606,0.496783,8.99744,9.503,18.5004,1.49956,998.44,999.341,0.499521,0.278185,0.186969,0.465153,0.149467,0.186451,0.884119,1.38364,3.49781E-05,0.884084,0.261462,0.622622,0,0,,0.502394,3.62792E-08,7.80029E-13,0.288972,0,2.95418,6.17266E-06,7.48138E-06,0.309221,0.193185,0.0994801,0.195113,0.1452,0.057787,0.311574,0.483926,0.204466,7.39249E-06,7.25041E-06,7.10713E-06,6.6023E-06,5.29104E-06,1,1,0,0,0,0.502394,3.62792E-08,0.250403,0.247202
"MODRA CM 1 CN High Indet LT 0.8","9.523E-08","0.9219","350","PAbandons1",1E-12,0,1,0.197379,1,1,1,1,0.12318,2.07903,5,0.286931,0.343015,0.343529,0.220899,0.0778057,0.0135312,0.00116346,5.53619E-05,1.76318E-06,1,1,0.187503,0.0625005,,,0,,,,,1,0,0,,8.8,9.79995,18.6,1.40005,998.13,999.908,0.4,0.2,3.6477E-8,0.2,0.04,4.3772E-08,0.87687,1.27687,5E-05,0.87682,2.71963E-08,0.87682,0,0,,1,0,7.76311E-13,3.03972E-08,0,1.82069,1.71316E-06,2.02948E-06,0.615481,0.384515,3.96189E-08,1.73219E-08,9.26561E-08,2.3014E-08,0.436193,0.563803,1.61146E-06,1.23001E-06,8.47666E-07,4.90581E-07,2.63159E-07,1.24663E-07,1,1,0,0,0,1,0,0,0
"MODRA CM 1 CN High Indet LT 0.8","9.523E-08","0.9219","350","PDoesntAbandon1",1E-12,0,1,0.459848,1,1,1,1,0.108583,4.17879,1.98117,0.788561,0.035615,0.094154,0.189365,0.26458,0.234817,0.126796,0.0437949,0.0108777,1,1,0.501639,0.376621,,,0,,,,,0,7.29075E-08,1,0.496783,9.19678,9.2032,18.4,1.60002,998.754,998.768,0.6,0.357122,0.375737,0.732859,0.259988,0.374696,0.891437,1.49144,1.98117E-05,0.891417,0.52544,0.365977,0,0,,0,7.29075E-08,7.83782E-13,0.580725,0,4.09858,1.06751E-05,1.29857E-05,1.35777E-05,1.30763E-05,0.199917,0.392104,0.291798,0.11613,0.185756,0.403281,0.410898,1.36143E-05,1.37148E-05,1.37873E-05,1.30024E-05,1.05071E-05,1,1,0,0,0,0,7.29075E-08,0.503217,0.496783
"MODRA CM 1 CN High Indet LT 0.8","9.523E-08","0.9219","350","DDefaults1",9E-20,0,1,0.490682,1,1,1,1,0.100417,4.42546,0.896343,0.929139,0.0165235,0.0628788,0.167413,0.276204,0.264094,0.147657,0.0521302,0.0130992,1,1,0.631503,0.506451,,,0,,,,,0,1,0,,9.8,8.79999,18.6,1.40001,999.908,998.13,0.4,0.420883,0.155823,0.576706,0.349236,0.0311647,0.899592,1.29959,8.96343E-06,0.899583,0.701444,0.198139,0,0,,0,1,1.07504E-05,0.779117,0,4.72361,3.12548E-05,3.79759E-05,3.97293E-05,3.83261E-05,3.96262E-05,0.361386,0.461189,0.177237,0.200639,0.507735,0.291444,3.90106E-05,3.87108E-05,3.85162E-05,3.60472E-05,2.90075E-05,1,1,0,0,0,0,1,0,0
"MODRA CM 1 CN High Indet LT 0.8","9.523E-08","0.9219","350","DDoesntDefault1",1E-12,0,1,0.459848,1,1,1,1,0.108583,4.17879,1.98117,0.788561,0.035615,0.094154,0.189365,0.26458,0.234817,0.126796,0.0437949,0.0108777,1,1,0.501639,0.376621,,,0,,,,,0,0,1,0.496783,9.19678,9.2032,18.4,1.60002,998.754,998.768,0.6,0.357122,0.375737,0.732859,0.259988,0.374696,0.891437,1.49144,1.98117E-05,0.891417,0.52544,0.365977,0,0,,0,0,0,0.580725,0,4.09858,1.06751E-05,1.29857E-05,1.35777E-05,1.30763E-05,0.199917,0.392104,0.291798,0.11613,0.185756,0.403281,0.410898,1.36143E-05,1.37148E-05,1.37873E-05,1.30024E-05,1.05071E-05,1,1,0,0,0,0,0,0.503217,0.496783
"MODRA CM 1 CN High Indet LT 0.8","9.523E-08","0.9219","350","POrDQuits1",1E-12,0,1,0.197379,1,1,1,1,0.12318,2.07903,5,0.286931,0.343015,0.343529,0.220899,0.0778057,0.0135312,0.00116347,5.53656E-05,1.76413E-06,1,1,0.187503,0.0625006,,,0,,,,,1,7.22125E-08,0,,8.8,9.79995,18.6,1.40005,998.13,999.908,0.4,0.2,4.7729E-8,0.2,0.04,4.60225E-08,0.87687,1.27687,5E-05,0.87682,7.78493E-08,0.87682,0,0,,1,7.22125E-08,1.55262E-12,8.66593E-08,0,1.82069,1.71316E-06,2.02949E-06,0.615481,0.384515,3.96218E-08,4.34185E-08,1.2596E-07,3.58128E-08,0.436193,0.563803,1.6325E-06,1.23001E-06,8.47669E-07,4.90583E-07,2.63161E-07,1.24665E-07,1,1,0,0,0,1,7.22125E-08,0,0
"MODRA CM 1 CN High Indet LT 0.8","9.523E-08","0.9219","350","P Loses",7E-13,0,1,0.415608,1,1,1,1,0.115781,3.82487,2.86018,0.657736,0.0535421,0.130765,0.23053,0.268185,0.195316,0.0887913,0.0268316,0.00603976,1,1,0.412702,0.287684,,,0,,,,,0,0,1,0,8.7,9.69997,18.4,1.60003,997.675,999.847,0.6,0.179861,0.520601,0.700462,0.0539584,0.676781,0.884248,1.48425,2.86018E-05,0.884219,0.361948,0.522272,0,0,,0,0,0,0.400462,0,4.06366,1.29563E-05,1.52373E-05,1.51056E-05,1.33171E-05,0.313555,0.348741,0.248217,0.0894303,0.237333,0.475822,0.286788,1.41154E-05,1.29096E-05,1.18043E-05,1.03487E-05,7.9664E-06,1,1,0,0,0,0,0,1,0
"MODRA CM 1 CN High Indet LT 0.8","9.523E-08","0.9219","350","P Wins",6E-13,0,1,0.504661,1,1,1,1,0.101292,4.53729,1.09077,0.92108,0.0174556,0.0570694,0.147667,0.260928,0.274831,0.165293,0.060978,0.0157782,1,1,0.591727,0.46671,,,0,,,,,0,0,1,1,9.7,8.69999,18.4,1.60001,999.847,997.675,0.6,0.536678,0.228997,0.765675,0.468685,0.068699,0.898719,1.49872,1.09077E-05,0.898708,0.69105,0.207659,0,0,,0,0,0,0.763322,0,4.13395,8.36427E-06,1.07051E-05,1.203E-05,1.28325E-05,0.0848081,0.436028,0.335944,0.143176,0.133511,0.329801,0.536616,1.31067E-05,1.45304E-05,1.57961E-05,1.56905E-05,1.30808E-05,1,1,0,0,0,0,0,0,1
