0.999999799919952,2.0008004803363615E-07,2.0008004803363615E-07,2.0008004803363615E-07,2.0008004803363615E-07,0.9999985994396638,2.0008004803363615E-07,2.0008004803363615E-07,2.0008004803363615E-07,2.0008004803363615E-07,0.999999799919952,2.0008004803363615E-07,0.999999799919952,2.0008004803363615E-07,2.0008004803363615E-07,2.0008004803363615E-07,2.0008004803363615E-07,2.0008004803363615E-07,2.0008004803363615E-07,2.0008004803363615E-07,2.0008004803363615E-07,0.9999985994396638,0.020088237220546763,0.24406916511843255,0.3340917113960794,0.29033433532569164,0.11141595069910554,2.0008004803363615E-07,2.0008004803363615E-07,2.0008004803363615E-07,2.0008004803363615E-07,0.999999799919952,2.0008004803363615E-07,0.999999799919952,2.0008004803363615E-07,0.999999799919952,2.0008004803363615E-07,0.999999799919952,2.0008004803363615E-07,0.999999799919952,2.0008004803363615E-07,0.999999799919952,2.0008004803363615E-07,0.999999799919952,2.0008004803363615E-07,0.999999799919952,2.0008004803363615E-07,0.999999799919952,2.0008004803363615E-07,0.999999799919952,2.0008004803363615E-07,0.999999799919952,2.0008004803363615E-07,0.999999799919952,2.0008004803363615E-07,0.999999799919952,2.0008004803363615E-07,0.999999799919952,2.0008004803363615E-07,0.999999799919952,2.0008004803363615E-07,0.999999799919952,2.0008004803363615E-07,0.999999799919952,2.0008004803363615E-07,0.999999799919952,2.0008004803363615E-07,0.999999799919952,2.0008004803363615E-07,0.999999799919952,2.0008004803363615E-07,0.999999799919952,2.0008004803363615E-07,0.999999799919952,2.0008004803363615E-07,0.999999799919952,2.0008004803363615E-07,0.999999799919952,2.0008004803363615E-07,0.999999799919952,2.0008004803363615E-07,0.999999799919952,2.0008004803363615E-07,0.999999799919952,2.0008004803363615E-07,0.999999799919952,2.0008004803363615E-07,0.999999799919952,2.0008004803363615E-07,0.999999799919952,2.0008004803363615E-07,0.999999799919952,2.0008004803363615E-07,0.999999799919952,2.0008004803363615E-07,0.999999799919952,2.0008004803363615E-07,0.999999799919952,2.0008004803363615E-07,0.999999799919952,2.0008004803363615E-07,0.999999799919952,2.0008004803363615E-07,0.999999799919952,2.0008004803363615E-07,0.999999799919952,2.0008004803363615E-07,0.999999799919952,2.0008004803363615E-07,0.999999799919952,2.0008004803363615E-07,0.999999799919952,2.0008004803363615E-07,0.999999799919952,2.0008004803363615E-07,0.999999799919952,2.0008004803363615E-07,0.999999799919952,2.0008004803363615E-07,0.999999799919952,2.0008004803363615E-07,0.999999799919952,2.0008004803363615E-07,0.999999799919952,2.0008004803363615E-07,0.999999799919952,2.0008004803363615E-07,0.999999799919952,2.0008004803363615E-07,0.999999799919952,2.0008004803363615E-07,0.999999799919952,2.0008004803363615E-07,0.999999799919952,2.0008004803363615E-07,0.999999799919952,2.0008004803363615E-07,0.999999799919952,2.0008004803363615E-07,0.999999799919952,2.0008004803363615E-07,0.999999799919952,0.999999799919952,2.0008004803363615E-07,2.0008004803363615E-07,2.0008004803363615E-07,2.0008004803363615E-07,2.0008004803363615E-07,2.0008004803363615E-07,2.0008004803363615E-07,2.0008004803363615E-07,0.9999985994396638,2.0008004803363615E-07,0.999999799919952,2.0008004803363615E-07,0.999999799919952,2.0008004803363615E-07,0.999999799919952,2.0008004803363615E-07,0.999999799919952,2.0008004803363615E-07,0.999999799919952,2.0008004803363615E-07,0.999999799919952,2.0008004803363615E-07,0.999999799919952,2.0008004803363615E-07,0.999999799919952,2.0008004803363615E-07,0.999999799919952,2.0008004803363615E-07,0.999999799919952,2.0008004803363615E-07,0.999999799919952,2.0008004803363615E-07,0.999999799919952,2.0008004803363615E-07,0.999999799919952,2.0008004803363615E-07,0.999999799919952,2.0008004803363615E-07,0.999999799919952,2.0008004803363615E-07,0.999999799919952,2.0008004803363615E-07,0.999999799919952,2.0008004803363615E-07,0.999999799919952,2.0008004803363615E-07,0.999999799919952,2.0008004803363615E-07,0.999999799919952,2.0008004803363615E-07,0.999999799919952,2.0008004803363615E-07,0.999999799919952,2.0008004803363615E-07,0.999999799919952,2.0008004803363615E-07,0.999999799919952,2.0008004803363615E-07,0.999999799919952,2.0008004803363615E-07,0.999999799919952,2.0008004803363615E-07,0.999999799919952,2.0008004803363615E-07,0.999999799919952,0.999999799919952,2.0008004803363615E-07,2.0008004803363615E-07,2.0008004803363615E-07,2.0008004803363615E-07,2.0008004803363615E-07,2.0008004803363615E-07,2.0008004803363615E-07,2.0008004803363615E-07,0.9999985994396638,2.0008004803363615E-07,0.999999799919952,2.0008004803363615E-07,0.999999799919952,2.0008004803363615E-07,0.999999799919952,2.0008004803363615E-07,0.999999799919952,2.0008004803363615E-07,0.999999799919952,2.0008004803363615E-07,0.999999799919952,2.0008004803363615E-07,0.999999799919952,2.0008004803363615E-07,0.999999799919952,2.0008004803363615E-07,0.999999799919952,2.0008004803363615E-07,0.999999799919952,2.0008004803363615E-07,0.999999799919952,2.0008004803363615E-07,0.999999799919952,2.0008004803363615E-07,0.999999799919952,2.0008004803363615E-07,0.999999799919952,2.0008004803363615E-07,0.999999799919952,2.0008004803363615E-07,0.999999799919952,2.0008004803363615E-07,0.999999799919952,2.0008004803363615E-07,0.999999799919952,2.0008004803363615E-07,0.999999799919952,2.0008004803363615E-07,0.999999799919952,2.0008004803363615E-07,0.999999799919952,2.0008004803363615E-07,0.999999799919952,2.0008004803363615E-07,0.999999799919952,2.0008004803363615E-07,0.999999799919952,2.0008004803363615E-07,0.999999799919952,2.0008004803363615E-07,0.999999799919952,2.0008004803363615E-07,0.999999799919952,2.0008004803363615E-07,0.999999799919952,0.999999799919952,2.0008004803363615E-07,2.0008004803363615E-07,2.0008004803363615E-07,2.0008004803363615E-07,2.0008004803363615E-07,2.0008004803363615E-07,2.0008004803363615E-07,2.0008004803363615E-07,0.9999985994396638,2.0008004803363615E-07,0.999999799919952,2.0008004803363615E-07,0.999999799919952,2.0008004803363615E-07,0.999999799919952,2.0008004803363615E-07,0.999999799919952,2.0008004803363615E-07,0.999999799919952,2.0008004803363615E-07,0.999999799919952,2.0008004803363615E-07,0.999999799919952,2.0008004803363615E-07,0.999999799919952,2.0008004803363615E-07,0.999999799919952,2.0008004803363615E-07,0.999999799919952,2.0008004803363615E-07,0.999999799919952,2.0008004803363615E-07,0.999999799919952,2.0008004803363615E-07,0.999999799919952,2.0008004803363615E-07,0.999999799919952,2.0008004803363615E-07,0.999999799919952,2.0008004803363615E-07,0.999999799919952,2.0008004803363615E-07,0.999999799919952,2.0008004803363615E-07,0.999999799919952,2.0008004803363615E-07,0.999999799919952,2.0008004803363615E-07,0.999999799919952,2.0008004803363615E-07,0.999999799919952,2.0008004803363615E-07,0.999999799919952,2.0008004803363615E-07,0.999999799919952,2.0008004803363615E-07,0.999999799919952,2.0008004803363615E-07,0.999999799919952,2.0008004803363615E-07,0.999999799919952,2.0008004803363615E-07,0.999999799919952,2.0008004803363615E-07,0.999999799919952,0.999999799919952,2.0008004803363615E-07,2.0008004803363615E-07,2.0008004803363615E-07,2.0008004803363615E-07,2.0008004803363615E-07,2.0008004803363615E-07,2.0008004803363615E-07,2.0008004803363615E-07,0.9999985994396638,2.0008004803363615E-07,0.999999799919952,2.0008004803363615E-07,0.999999799919952,2.0008004803363615E-07,0.999999799919952,2.0008004803363615E-07,0.999999799919952,2.0008004803363615E-07,0.999999799919952,2.0008004803363615E-07,0.999999799919952,2.0008004803363615E-07,0.999999799919952,2.0008004803363615E-07,0.999999799919952,2.0008004803363615E-07,0.999999799919952,2.0008004803363615E-07,0.999999799919952,2.0008004803363615E-07,0.999999799919952,2.0008004803363615E-07,0.999999799919952,2.0008004803363615E-07,0.999999799919952,2.0008004803363615E-07,0.999999799919952,2.0008004803363615E-07,0.999999799919952,2.0008004803363615E-07,0.999999799919952,2.0008004803363615E-07,0.999999799919952,2.0008004803363615E-07,0.999999799919952,2.0008004803363615E-07,0.999999799919952,2.0008004803363615E-07,0.999999799919952,2.0008004803363615E-07,0.999999799919952,2.0008004803363615E-07,0.999999799919952,2.0008004803363615E-07,0.999999799919952,2.0008004803363615E-07,0.999999799919952,2.0008004803363615E-07,0.999999799919952,2.0008004803363615E-07,0.999999799919952,2.0008004803363615E-07,0.999999799919952,2.0008004803363615E-07,0.999999799919952,0.999999799919952,2.0008004803363615E-07,2.0008004803363615E-07,2.0008004803363615E-07,2.0008004803363615E-07,2.0008004803363615E-07,2.0008004803363615E-07,2.0008004803363615E-07,2.0008004803363615E-07,0.9999985994396638,2.0008004803363615E-07,0.999999799919952,2.0008004803363615E-07,0.999999799919952,2.0008004803363615E-07,0.999999799919952,2.0008004803363615E-07,0.999999799919952,2.0008004803363615E-07,0.999999799919952,2.0008004803363615E-07,0.999999799919952,2.0008004803363615E-07,0.999999799919952,2.0008004803363615E-07,0.999999799919952,2.0008004803363615E-07,0.999999799919952,2.0008004803363615E-07,0.999999799919952,2.0008004803363615E-07,0.999999799919952,2.0008004803363615E-07,0.999999799919952,2.0008004803363615E-07,0.999999799919952,2.0008004803363615E-07,0.999999799919952,2.0008004803363615E-07,0.999999799919952,2.0008004803363615E-07,0.999999799919952,2.0008004803363615E-07,0.999999799919952,2.0008004803363615E-07,0.999999799919952,2.0008004803363615E-07,0.999999799919952,2.0008004803363615E-07,0.999999799919952,2.0008004803363615E-07,0.999999799919952,2.0008004803363615E-07,0.999999799919952,2.0008004803363615E-07,0.999999799919952,2.0008004803363615E-07,0.999999799919952,2.0008004803363615E-07,0.999999799919952,2.0008004803363615E-07,0.999999799919952,2.0008004803363615E-07,0.999999799919952,2.0008004803363615E-07,0.999999799919952,0.999999799919952,2.0008004803363615E-07,2.0008004803363615E-07,2.0008004803363615E-07,2.0008004803363615E-07,2.0008004803363615E-07,2.0008004803363615E-07,2.0008004803363615E-07,2.0008004803363615E-07,0.9999985994396638,2.0008004803363615E-07,0.999999799919952,2.0008004803363615E-07,0.999999799919952,2.0008004803363615E-07,0.999999799919952,2.0008004803363615E-07,0.999999799919952,2.0008004803363615E-07,0.999999799919952,2.0008004803363615E-07,0.999999799919952,2.0008004803363615E-07,0.999999799919952,2.0008004803363615E-07,0.999999799919952,2.0008004803363615E-07,0.999999799919952,2.0008004803363615E-07,0.999999799919952,2.0008004803363615E-07,0.999999799919952,2.0008004803363615E-07,0.999999799919952,2.0008004803363615E-07,0.999999799919952,2.0008004803363615E-07,0.999999799919952,2.0008004803363615E-07,0.999999799919952,2.0008004803363615E-07,0.999999799919952,2.0008004803363615E-07,0.999999799919952,2.0008004803363615E-07,0.999999799919952,2.0008004803363615E-07,0.999999799919952,2.0008004803363615E-07,0.999999799919952,2.0008004803363615E-07,0.999999799919952,2.0008004803363615E-07,0.999999799919952,2.0008004803363615E-07,0.999999799919952,2.0008004803363615E-07,0.999999799919952,2.0008004803363615E-07,0.999999799919952,2.0008004803363615E-07,0.999999799919952,2.0008004803363615E-07,0.999999799919952,2.0008004803363615E-07,0.999999799919952,0.999999799919952,2.0008004803363615E-07,2.0008004803363615E-07,2.0008004803363615E-07,2.0008004803363615E-07,2.0008004803363615E-07,2.0008004803363615E-07,2.0008004803363615E-07,2.0008004803363615E-07,0.9999985994396638,2.0008004803363615E-07,0.999999799919952,2.0008004803363615E-07,0.999999799919952,2.0008004803363615E-07,0.999999799919952,2.0008004803363615E-07,0.999999799919952,2.0008004803363615E-07,0.999999799919952,2.0008004803363615E-07,0.999999799919952,2.0008004803363615E-07,0.999999799919952,2.0008004803363615E-07,0.999999799919952,2.0008004803363615E-07,0.999999799919952,2.0008004803363615E-07,0.999999799919952,2.0008004803363615E-07,0.999999799919952,2.0008004803363615E-07,0.999999799919952,2.0008004803363615E-07,0.999999799919952,2.0008004803363615E-07,0.999999799919952,2.0008004803363615E-07,0.999999799919952,2.0008004803363615E-07,0.999999799919952,2.0008004803363615E-07,0.999999799919952,2.0008004803363615E-07,0.999999799919952,2.0008004803363615E-07,0.999999799919952,2.0008004803363615E-07,0.999999799919952,2.0008004803363615E-07,0.999999799919952,2.0008004803363615E-07,0.999999799919952,2.0008004803363615E-07,0.999999799919952,2.0008004803363615E-07,0.999999799919952,2.0008004803363615E-07,0.999999799919952,2.0008004803363615E-07,0.999999799919952,2.0008004803363615E-07,0.999999799919952,2.0008004803363615E-07,0.999999799919952,0.999999799919952,2.0008004803363615E-07,0.999999799919952,2.0008004803363615E-07,2.0008004803363615E-07,2.0008004803363615E-07,2.0008004803363615E-07,2.0008004803363615E-07,2.0008004803363615E-07,2.0008004803363615E-07,2.0008004803363615E-07,0.9999985994396638,0.2907593882298069,0.3708099851716534,0.3384296261982996,2.0008004803363615E-07,2.0008004803363615E-07,2.0008004803363615E-07,2.0008004803363615E-07,2.0008004803363615E-07,2.0008004803363615E-07,0.999999799919952,2.0008004803363615E-07,0.999999799919952,2.0008004803363615E-07,0.999999799919952,2.0008004803363615E-07,0.999999799919952,2.0008004803363615E-07,0.999999799919952,2.0008004803363615E-07,0.999999799919952,2.0008004803363615E-07,0.999999799919952,2.0008004803363615E-07,0.999999799919952,2.0008004803363615E-07,0.999999799919952,2.0008004803363615E-07,0.999999799919952,2.0008004803363615E-07,0.999999799919952,2.0008004803363615E-07,0.999999799919952,2.0008004803363615E-07,0.999999799919952,2.0008004803363615E-07,0.999999799919952,2.0008004803363615E-07,0.999999799919952,2.0008004803363615E-07,0.999999799919952,2.0008004803363615E-07,0.999999799919952,2.0008004803363615E-07,0.999999799919952,2.0008004803363615E-07,0.999999799919952,2.0008004803363615E-07,0.999999799919952,2.0008004803363615E-07,0.999999799919952,2.0008004803363615E-07,0.999999799919952,2.0008004803363615E-07,0.999999799919952,2.0008004803363615E-07,0.999999799919952,2.0008004803363615E-07,0.999999799919952,2.0008004803363615E-07,0.999999799919952,2.0008004803363615E-07,0.999999799919952,2.0008004803363615E-07,0.999999799919952,2.0008004803363615E-07,0.999999799919952,2.0008004803363615E-07,0.999999799919952,2.0008004803363615E-07,0.999999799919952,2.0008004803363615E-07,0.999999799919952,2.0008004803363615E-07,0.999999799919952,2.0008004803363615E-07,0.999999799919952,2.0008004803363615E-07,0.999999799919952,2.0008004803363615E-07,0.999999799919952,2.0008004803363615E-07,0.999999799919952,2.0008004803363615E-07,0.999999799919952,2.0008004803363615E-07,0.999999799919952,2.0008004803363615E-07,0.999999799919952,2.0008004803363615E-07,0.999999799919952,2.0008004803363615E-07,0.999999799919952,2.0008004803363615E-07,0.999999799919952,2.0008004803363615E-07,0.999999799919952,2.0008004803363615E-07,0.999999799919952,2.0008004803363615E-07,0.999999799919952,2.0008004803363615E-07,0.999999799919952,2.0008004803363615E-07,0.999999799919952,2.0008004803363615E-07,0.999999799919952,2.0008004803363615E-07,0.999999799919952,2.0008004803363615E-07,0.999999799919952,2.0008004803363615E-07,0.999999799919952,2.0008004803363615E-07,0.999999799919952,2.0008004803363615E-07,0.999999799919952,2.0008004803363615E-07,0.999999799919952,2.0008004803363615E-07,0.999999799919952,0.999999799919952,2.0008004803363615E-07,2.0008004803363615E-07,2.0008004803363615E-07,2.0008004803363615E-07,2.0008004803363615E-07,2.0008004803363615E-07,2.0008004803363615E-07,2.0008004803363615E-07,0.9999985994396638,2.0008004803363615E-07,0.999999799919952,2.0008004803363615E-07,0.999999799919952,2.0008004803363615E-07,0.999999799919952,2.0008004803363615E-07,0.999999799919952,2.0008004803363615E-07,0.999999799919952,2.0008004803363615E-07,0.999999799919952,2.0008004803363615E-07,0.999999799919952,2.0008004803363615E-07,0.999999799919952,2.0008004803363615E-07,0.999999799919952,2.0008004803363615E-07,0.999999799919952,2.0008004803363615E-07,0.999999799919952,2.0008004803363615E-07,0.999999799919952,2.0008004803363615E-07,0.999999799919952,2.0008004803363615E-07,0.999999799919952,2.0008004803363615E-07,0.999999799919952,2.0008004803363615E-07,0.999999799919952,2.0008004803363615E-07,0.999999799919952,2.0008004803363615E-07,0.999999799919952,2.0008004803363615E-07,0.999999799919952,2.0008004803363615E-07,0.999999799919952,2.0008004803363615E-07,0.999999799919952,2.0008004803363615E-07,0.999999799919952,2.0008004803363615E-07,0.999999799919952,2.0008004803363615E-07,0.999999799919952,2.0008004803363615E-07,0.999999799919952,2.0008004803363615E-07,0.999999799919952,2.0008004803363615E-07,0.999999799919952,2.0008004803363615E-07,0.999999799919952,0.999999799919952,2.0008004803363615E-07,2.0008004803363615E-07,2.0008004803363615E-07,2.0008004803363615E-07,2.0008004803363615E-07,2.0008004803363615E-07,2.0008004803363615E-07,2.0008004803363615E-07,0.9999985994396638,2.0008004803363615E-07,0.999999799919952,2.0008004803363615E-07,0.999999799919952,2.0008004803363615E-07,0.999999799919952,2.0008004803363615E-07,0.999999799919952,2.0008004803363615E-07,0.999999799919952,2.0008004803363615E-07,0.999999799919952,2.0008004803363615E-07,0.999999799919952,2.0008004803363615E-07,0.999999799919952,2.0008004803363615E-07,0.999999799919952,2.0008004803363615E-07,0.999999799919952,2.0008004803363615E-07,0.999999799919952,2.0008004803363615E-07,0.999999799919952,2.0008004803363615E-07,0.999999799919952,2.0008004803363615E-07,0.999999799919952,2.0008004803363615E-07,0.999999799919952,2.0008004803363615E-07,0.999999799919952,2.0008004803363615E-07,0.999999799919952,2.0008004803363615E-07,0.999999799919952,2.0008004803363615E-07,0.999999799919952,2.0008004803363615E-07,0.999999799919952,2.0008004803363615E-07,0.999999799919952,2.0008004803363615E-07,0.999999799919952,2.0008004803363615E-07,0.999999799919952,2.0008004803363615E-07,0.999999799919952,2.0008004803363615E-07,0.999999799919952,2.0008004803363615E-07,0.999999799919952,2.0008004803363615E-07,0.999999799919952,2.0008004803363615E-07,0.999999799919952,0.999999799919952,2.0008004803363615E-07,2.0008004803363615E-07,2.0008004803363615E-07,2.0008004803363615E-07,2.0008004803363615E-07,2.0008004803363615E-07,2.0008004803363615E-07,2.0008004803363615E-07,0.9999985994396638,2.0008004803363615E-07,0.999999799919952,2.0008004803363615E-07,0.999999799919952,2.0008004803363615E-07,0.999999799919952,2.0008004803363615E-07,0.999999799919952,2.0008004803363615E-07,0.999999799919952,2.0008004803363615E-07,0.999999799919952,2.0008004803363615E-07,0.999999799919952,2.0008004803363615E-07,0.999999799919952,2.0008004803363615E-07,0.999999799919952,2.0008004803363615E-07,0.999999799919952,2.0008004803363615E-07,0.999999799919952,2.0008004803363615E-07,0.999999799919952,2.0008004803363615E-07,0.999999799919952,2.0008004803363615E-07,0.999999799919952,2.0008004803363615E-07,0.999999799919952,2.0008004803363615E-07,0.999999799919952,2.0008004803363615E-07,0.999999799919952,2.0008004803363615E-07,0.999999799919952,2.0008004803363615E-07,0.999999799919952,2.0008004803363615E-07,0.999999799919952,2.0008004803363615E-07,0.999999799919952,2.0008004803363615E-07,0.999999799919952,2.0008004803363615E-07,0.999999799919952,2.0008004803363615E-07,0.999999799919952,2.0008004803363615E-07,0.999999799919952,2.0008004803363615E-07,0.999999799919952,2.0008004803363615E-07,0.999999799919952,2.0008004803363615E-07,0.999999799919952,0.999999799919952,2.0008004803363615E-07,2.0008004803363615E-07,2.0008004803363615E-07,2.0008004803363615E-07,2.0008004803363615E-07,2.0008004803363615E-07,2.0008004803363615E-07,2.0008004803363615E-07,0.9999985994396638,2.0008004803363615E-07,0.999999799919952,2.0008004803363615E-07,0.999999799919952,2.0008004803363615E-07,0.999999799919952,2.0008004803363615E-07,0.999999799919952,2.0008004803363615E-07,0.999999799919952,2.0008004803363615E-07,0.999999799919952,2.0008004803363615E-07,0.999999799919952,2.0008004803363615E-07,0.999999799919952,2.0008004803363615E-07,0.999999799919952,2.0008004803363615E-07,0.999999799919952,2.0008004803363615E-07,0.999999799919952,2.0008004803363615E-07,0.999999799919952,2.0008004803363615E-07,0.999999799919952,2.0008004803363615E-07,0.999999799919952,2.0008004803363615E-07,0.999999799919952,2.0008004803363615E-07,0.999999799919952,2.0008004803363615E-07,0.999999799919952,2.0008004803363615E-07,0.999999799919952,2.0008004803363615E-07,0.999999799919952,2.0008004803363615E-07,0.999999799919952,2.0008004803363615E-07,0.999999799919952,2.0008004803363615E-07,0.999999799919952,2.0008004803363615E-07,0.999999799919952,2.0008004803363615E-07,0.999999799919952,2.0008004803363615E-07,0.999999799919952,2.0008004803363615E-07,0.999999799919952,2.0008004803363615E-07,0.999999799919952,2.0008004803363615E-07,0.999999799919952,0.999999799919952,2.0008004803363615E-07,2.0008004803363615E-07,2.0008004803363615E-07,2.0008004803363615E-07,2.0008004803363615E-07,2.0008004803363615E-07,2.0008004803363615E-07,2.0008004803363615E-07,0.9999985994396638,2.0008004803363615E-07,0.999999799919952,2.0008004803363615E-07,0.999999799919952,2.0008004803363615E-07,0.999999799919952,2.0008004803363615E-07,0.999999799919952,2.0008004803363615E-07,0.999999799919952,2.0008004803363615E-07,0.999999799919952,2.0008004803363615E-07,0.999999799919952,2.0008004803363615E-07,0.999999799919952,2.0008004803363615E-07,0.999999799919952,2.0008004803363615E-07,0.999999799919952,2.0008004803363615E-07,0.999999799919952,2.0008004803363615E-07,0.999999799919952,2.0008004803363615E-07,0.999999799919952,2.0008004803363615E-07,0.999999799919952,2.0008004803363615E-07,0.999999799919952,2.0008004803363615E-07,0.999999799919952,2.0008004803363615E-07,0.999999799919952,2.0008004803363615E-07,0.999999799919952,2.0008004803363615E-07,0.999999799919952,2.0008004803363615E-07,0.999999799919952,2.0008004803363615E-07,0.999999799919952,2.0008004803363615E-07,0.999999799919952,2.0008004803363615E-07,0.999999799919952,2.0008004803363615E-07,0.999999799919952,2.0008004803363615E-07,0.999999799919952,2.0008004803363615E-07,0.999999799919952,2.0008004803363615E-07,0.999999799919952,2.0008004803363615E-07,0.999999799919952,0.999999799919952,2.0008004803363615E-07,2.0008004803363615E-07,2.0008004803363615E-07,2.0008004803363615E-07,2.0008004803363615E-07,2.0008004803363615E-07,2.0008004803363615E-07,2.0008004803363615E-07,0.9999985994396638,2.0008004803363615E-07,0.999999799919952,2.0008004803363615E-07,0.999999799919952,2.0008004803363615E-07,0.999999799919952,2.0008004803363615E-07,0.999999799919952,2.0008004803363615E-07,0.999999799919952,2.0008004803363615E-07,0.999999799919952,2.0008004803363615E-07,0.999999799919952,2.0008004803363615E-07,0.999999799919952,2.0008004803363615E-07,0.999999799919952,2.0008004803363615E-07,0.999999799919952,2.0008004803363615E-07,0.999999799919952,2.0008004803363615E-07,0.999999799919952,2.0008004803363615E-07,0.999999799919952,2.0008004803363615E-07,0.999999799919952,2.0008004803363615E-07,0.999999799919952,2.0008004803363615E-07,0.999999799919952,2.0008004803363615E-07,0.999999799919952,2.0008004803363615E-07,0.999999799919952,2.0008004803363615E-07,0.999999799919952,2.0008004803363615E-07,0.999999799919952,2.0008004803363615E-07,0.999999799919952,2.0008004803363615E-07,0.999999799919952,2.0008004803363615E-07,0.999999799919952,2.0008004803363615E-07,0.999999799919952,2.0008004803363615E-07,0.999999799919952,2.0008004803363615E-07,0.999999799919952,2.0008004803363615E-07,0.999999799919952,2.0008004803363615E-07,0.999999799919952,0.999999799919952,2.0008004803363615E-07,2.0008004803363615E-07,2.0008004803363615E-07,2.0008004803363615E-07,2.0008004803363615E-07,2.0008004803363615E-07,2.0008004803363615E-07,2.0008004803363615E-07,0.9999985994396638,2.0008004803363615E-07,0.999999799919952,2.0008004803363615E-07,0.999999799919952,2.0008004803363615E-07,0.999999799919952,2.0008004803363615E-07,0.999999799919952,2.0008004803363615E-07,0.999999799919952,2.0008004803363615E-07,0.999999799919952,2.0008004803363615E-07,0.999999799919952,2.0008004803363615E-07,0.999999799919952,2.0008004803363615E-07,0.999999799919952,2.0008004803363615E-07,0.999999799919952,2.0008004803363615E-07,0.999999799919952,2.0008004803363615E-07,0.999999799919952,2.0008004803363615E-07,0.999999799919952,2.0008004803363615E-07,0.999999799919952,2.0008004803363615E-07,0.999999799919952,2.0008004803363615E-07,0.999999799919952,2.0008004803363615E-07,0.999999799919952,2.0008004803363615E-07,0.999999799919952,2.0008004803363615E-07,0.999999799919952,2.0008004803363615E-07,0.999999799919952,2.0008004803363615E-07,0.999999799919952,2.0008004803363615E-07,0.999999799919952,2.0008004803363615E-07,0.999999799919952,2.0008004803363615E-07,0.999999799919952,2.0008004803363615E-07,0.999999799919952,2.0008004803363615E-07,0.999999799919952,2.0008004803363615E-07,0.999999799919952,2.0008004803363615E-07,0.999999799919952,0.999999799919952,2.0008004803363615E-07,0.999999799919952,2.0008004803363615E-07,2.0008004803363615E-07,2.0008004803363615E-07,2.0008004803363615E-07,2.0008004803363615E-07,0.9999985994396638,2.0008004803363615E-07,2.0008004803363615E-07,2.0008004803363615E-07,0.5051830909624236,0.49481570855728824,2.0008004803363615E-07,2.0008004803363615E-07,2.0008004803363615E-07,2.0008004803363615E-07,2.0008004803363615E-07,2.0008004803363615E-07,2.0008004803363615E-07,0.999999799919952,2.0008004803363615E-07,0.999999799919952,2.0008004803363615E-07,0.999999799919952,2.0008004803363615E-07,0.999999799919952,2.0008004803363615E-07,0.999999799919952,2.0008004803363615E-07,0.999999799919952,2.0008004803363615E-07,0.999999799919952,2.0008004803363615E-07,0.999999799919952,2.0008004803363615E-07,0.999999799919952,2.0008004803363615E-07,0.999999799919952,2.0008004803363615E-07,0.999999799919952,2.0008004803363615E-07,0.999999799919952,2.0008004803363615E-07,0.999999799919952,2.0008004803363615E-07,0.999999799919952,2.0008004803363615E-07,0.999999799919952,2.0008004803363615E-07,0.999999799919952,2.0008004803363615E-07,0.999999799919952,2.0008004803363615E-07,0.999999799919952,2.0008004803363615E-07,0.999999799919952,2.0008004803363615E-07,0.999999799919952,2.0008004803363615E-07,0.999999799919952,2.0008004803363615E-07,0.999999799919952,2.0008004803363615E-07,0.999999799919952,2.0008004803363615E-07,0.999999799919952,2.0008004803363615E-07,0.999999799919952,2.0008004803363615E-07,0.999999799919952,2.0008004803363615E-07,0.999999799919952,2.0008004803363615E-07,0.999999799919952,2.0008004803363615E-07,0.999999799919952,2.0008004803363615E-07,0.999999799919952,2.0008004803363615E-07,0.999999799919952,2.0008004803363615E-07,0.999999799919952,2.0008004803363615E-07,0.999999799919952,2.0008004803363615E-07,0.999999799919952,2.0008004803363615E-07,0.999999799919952,2.0008004803363615E-07,0.999999799919952,2.0008004803363615E-07,0.999999799919952,2.0008004803363615E-07,0.999999799919952,2.0008004803363615E-07,0.999999799919952,2.0008004803363615E-07,0.999999799919952,2.0008004803363615E-07,0.999999799919952,2.0008004803363615E-07,0.999999799919952,2.0008004803363615E-07,0.999999799919952,2.0008004803363615E-07,0.999999799919952,2.0008004803363615E-07,0.999999799919952,2.0008004803363615E-07,0.999999799919952,2.0008004803363615E-07,0.999999799919952,2.0008004803363615E-07,0.999999799919952,2.0008004803363615E-07,0.999999799919952,2.0008004803363615E-07,0.999999799919952,2.0008004803363615E-07,0.999999799919952,2.0008004803363615E-07,0.999999799919952,2.0008004803363615E-07,0.999999799919952,2.0008004803363615E-07,0.999999799919952,2.0008004803363615E-07,0.999999799919952,2.0008004803363615E-07,0.999999799919952,0.999999799919952,2.0008004803363615E-07,2.0008004803363615E-07,2.0008004803363615E-07,2.0008004803363615E-07,2.0008004803363615E-07,2.0008004803363615E-07,0.746901263094956,0.25309753642475596,2.0008004803363615E-07,2.0008004803363615E-07,0.999999799919952,2.0008004803363615E-07,0.999999799919952,2.0008004803363615E-07,0.999999799919952,2.0008004803363615E-07,0.999999799919952,2.0008004803363615E-07,0.999999799919952,2.0008004803363615E-07,0.999999799919952,2.0008004803363615E-07,0.999999799919952,2.0008004803363615E-07,0.999999799919952,2.0008004803363615E-07,0.999999799919952,2.0008004803363615E-07,0.999999799919952,2.0008004803363615E-07,0.999999799919952,2.0008004803363615E-07,0.999999799919952,2.0008004803363615E-07,0.999999799919952,2.0008004803363615E-07,0.999999799919952,2.0008004803363615E-07,0.999999799919952,2.0008004803363615E-07,0.999999799919952,2.0008004803363615E-07,0.999999799919952,2.0008004803363615E-07,0.999999799919952,2.0008004803363615E-07,0.999999799919952,2.0008004803363615E-07,0.999999799919952,2.0008004803363615E-07,0.999999799919952,2.0008004803363615E-07,0.999999799919952,2.0008004803363615E-07,0.999999799919952,2.0008004803363615E-07,0.999999799919952,2.0008004803363615E-07,0.999999799919952,2.0008004803363615E-07,0.999999799919952,2.0008004803363615E-07,0.999999799919952,2.0008004803363615E-07,0.999999799919952,0.999999799919952,2.0008004803363615E-07,2.0008004803363615E-07,2.0008004803363615E-07,2.0008004803363615E-07,2.0008004803363615E-07,2.0008004803363615E-07,0.17596145542448202,0.8240373440952299,2.0008004803363615E-07,2.0008004803363615E-07,0.999999799919952,2.0008004803363615E-07,0.999999799919952,2.0008004803363615E-07,0.999999799919952,2.0008004803363615E-07,0.999999799919952,2.0008004803363615E-07,0.999999799919952,2.0008004803363615E-07,0.999999799919952,2.0008004803363615E-07,0.999999799919952,2.0008004803363615E-07,0.999999799919952,2.0008004803363615E-07,0.999999799919952,2.0008004803363615E-07,0.999999799919952,2.0008004803363615E-07,0.999999799919952,2.0008004803363615E-07,0.999999799919952,2.0008004803363615E-07,0.999999799919952,2.0008004803363615E-07,0.999999799919952,2.0008004803363615E-07,0.999999799919952,2.0008004803363615E-07,0.999999799919952,2.0008004803363615E-07,0.999999799919952,2.0008004803363615E-07,0.999999799919952,2.0008004803363615E-07,0.999999799919952,2.0008004803363615E-07,0.999999799919952,2.0008004803363615E-07,0.999999799919952,2.0008004803363615E-07,0.999999799919952,2.0008004803363615E-07,0.999999799919952,2.0008004803363615E-07,0.999999799919952,2.0008004803363615E-07,0.999999799919952,2.0008004803363615E-07,0.999999799919952,2.0008004803363615E-07,0.999999799919952,2.0008004803363615E-07,0.999999799919952,0.999999799919952,2.0008004803363615E-07,2.0008004803363615E-07,2.0008004803363615E-07,2.0008004803363615E-07,2.0008004803363615E-07,2.0008004803363615E-07,2.0008004803363615E-07,0.9999985994396638,2.0008004803363615E-07,2.0008004803363615E-07,0.999999799919952,2.0008004803363615E-07,0.999999799919952,2.0008004803363615E-07,0.999999799919952,2.0008004803363615E-07,0.999999799919952,2.0008004803363615E-07,0.999999799919952,2.0008004803363615E-07,0.999999799919952,2.0008004803363615E-07,0.999999799919952,2.0008004803363615E-07,0.999999799919952,2.0008004803363615E-07,0.999999799919952,2.0008004803363615E-07,0.999999799919952,2.0008004803363615E-07,0.999999799919952,2.0008004803363615E-07,0.999999799919952,2.0008004803363615E-07,0.999999799919952,2.0008004803363615E-07,0.999999799919952,2.0008004803363615E-07,0.999999799919952,2.0008004803363615E-07,0.999999799919952,2.0008004803363615E-07,0.999999799919952,2.0008004803363615E-07,0.999999799919952,2.0008004803363615E-07,0.999999799919952,2.0008004803363615E-07,0.999999799919952,2.0008004803363615E-07,0.999999799919952,2.0008004803363615E-07,0.999999799919952,2.0008004803363615E-07,0.999999799919952,2.0008004803363615E-07,0.999999799919952,2.0008004803363615E-07,0.999999799919952,2.0008004803363615E-07,0.999999799919952,2.0008004803363615E-07,0.999999799919952,2.0008004803363615E-07,0.999999799919952,0.999999799919952,2.0008004803363615E-07,2.0008004803363615E-07,2.0008004803363615E-07,2.0008004803363615E-07,2.0008004803363615E-07,2.0008004803363615E-07,2.0008004803363615E-07,0.9999985994396638,2.0008004803363615E-07,2.0008004803363615E-07,0.999999799919952,2.0008004803363615E-07,0.999999799919952,2.0008004803363615E-07,0.999999799919952,2.0008004803363615E-07,0.999999799919952,2.0008004803363615E-07,0.999999799919952,2.0008004803363615E-07,0.999999799919952,2.0008004803363615E-07,0.999999799919952,2.0008004803363615E-07,0.999999799919952,2.0008004803363615E-07,0.999999799919952,2.0008004803363615E-07,0.999999799919952,2.0008004803363615E-07,0.999999799919952,2.0008004803363615E-07,0.999999799919952,2.0008004803363615E-07,0.999999799919952,2.0008004803363615E-07,0.999999799919952,2.0008004803363615E-07,0.999999799919952,2.0008004803363615E-07,0.999999799919952,2.0008004803363615E-07,0.999999799919952,2.0008004803363615E-07,0.999999799919952,2.0008004803363615E-07,0.999999799919952,2.0008004803363615E-07,0.999999799919952,2.0008004803363615E-07,0.999999799919952,2.0008004803363615E-07,0.999999799919952,2.0008004803363615E-07,0.999999799919952,2.0008004803363615E-07,0.999999799919952,2.0008004803363615E-07,0.999999799919952,2.0008004803363615E-07,0.999999799919952,2.0008004803363615E-07,0.999999799919952,2.0008004803363615E-07,0.999999799919952,0.999999799919952,2.0008004803363615E-07,2.0008004803363615E-07,2.0008004803363615E-07,2.0008004803363615E-07,2.0008004803363615E-07,2.0008004803363615E-07,2.0008004803363615E-07,0.19679738549036693,0.803201414029345,2.0008004803363615E-07,0.999999799919952,2.0008004803363615E-07,0.999999799919952,2.0008004803363615E-07,0.999999799919952,2.0008004803363615E-07,0.999999799919952,2.0008004803363615E-07,0.999999799919952,2.0008004803363615E-07,0.999999799919952,2.0008004803363615E-07,0.999999799919952,2.0008004803363615E-07,0.999999799919952,2.0008004803363615E-07,0.999999799919952,2.0008004803363615E-07,0.999999799919952,2.0008004803363615E-07,0.999999799919952,2.0008004803363615E-07,0.999999799919952,2.0008004803363615E-07,0.999999799919952,2.0008004803363615E-07,0.999999799919952,2.0008004803363615E-07,0.999999799919952,2.0008004803363615E-07,0.999999799919952,2.0008004803363615E-07,0.999999799919952,2.0008004803363615E-07,0.999999799919952,2.0008004803363615E-07,0.999999799919952,2.0008004803363615E-07,0.999999799919952,2.0008004803363615E-07,0.999999799919952,2.0008004803363615E-07,0.999999799919952,2.0008004803363615E-07,0.999999799919952,2.0008004803363615E-07,0.999999799919952,2.0008004803363615E-07,0.999999799919952,2.0008004803363615E-07,0.999999799919952,2.0008004803363615E-07,0.999999799919952,2.0008004803363615E-07,0.999999799919952,0.999999799919952,2.0008004803363615E-07,2.0008004803363615E-07,2.0008004803363615E-07,2.0008004803363615E-07,2.0008004803363615E-07,2.0008004803363615E-07,2.0008004803363615E-07,2.0008004803363615E-07,0.9999985994396638,2.0008004803363615E-07,0.999999799919952,2.0008004803363615E-07,0.999999799919952,2.0008004803363615E-07,0.999999799919952,2.0008004803363615E-07,0.999999799919952,2.0008004803363615E-07,0.999999799919952,2.0008004803363615E-07,0.999999799919952,2.0008004803363615E-07,0.999999799919952,2.0008004803363615E-07,0.999999799919952,2.0008004803363615E-07,0.999999799919952,2.0008004803363615E-07,0.999999799919952,2.0008004803363615E-07,0.999999799919952,2.0008004803363615E-07,0.999999799919952,2.0008004803363615E-07,0.999999799919952,2.0008004803363615E-07,0.999999799919952,2.0008004803363615E-07,0.999999799919952,2.0008004803363615E-07,0.999999799919952,2.0008004803363615E-07,0.999999799919952,2.0008004803363615E-07,0.999999799919952,2.0008004803363615E-07,0.999999799919952,2.0008004803363615E-07,0.999999799919952,2.0008004803363615E-07,0.999999799919952,2.0008004803363615E-07,0.999999799919952,2.0008004803363615E-07,0.999999799919952,2.0008004803363615E-07,0.999999799919952,2.0008004803363615E-07,0.999999799919952,2.0008004803363615E-07,0.999999799919952,2.0008004803363615E-07,0.999999799919952,2.0008004803363615E-07,0.999999799919952,0.999999799919952,2.0008004803363615E-07,2.0008004803363615E-07,2.0008004803363615E-07,2.0008004803363615E-07,2.0008004803363615E-07,2.0008004803363615E-07,2.0008004803363615E-07,2.0008004803363615E-07,0.9999985994396638,2.0008004803363615E-07,0.999999799919952,2.0008004803363615E-07,0.999999799919952,2.0008004803363615E-07,0.999999799919952,2.0008004803363615E-07,0.999999799919952,2.0008004803363615E-07,0.999999799919952,2.0008004803363615E-07,0.999999799919952,2.0008004803363615E-07,0.999999799919952,2.0008004803363615E-07,0.999999799919952,2.0008004803363615E-07,0.999999799919952,2.0008004803363615E-07,0.999999799919952,2.0008004803363615E-07,0.999999799919952,2.0008004803363615E-07,0.999999799919952,2.0008004803363615E-07,0.999999799919952,2.0008004803363615E-07,0.999999799919952,2.0008004803363615E-07,0.999999799919952,2.0008004803363615E-07,0.999999799919952,2.0008004803363615E-07,0.999999799919952,2.0008004803363615E-07,0.999999799919952,2.0008004803363615E-07,0.999999799919952,2.0008004803363615E-07,0.999999799919952,2.0008004803363615E-07,0.999999799919952,2.0008004803363615E-07,0.999999799919952,2.0008004803363615E-07,0.999999799919952,2.0008004803363615E-07,0.999999799919952,2.0008004803363615E-07,0.999999799919952,2.0008004803363615E-07,0.999999799919952,2.0008004803363615E-07,0.999999799919952,2.0008004803363615E-07,0.999999799919952,0.999999799919952,2.0008004803363615E-07,0.999999799919952,2.0008004803363615E-07,0.9999985994396638,2.0008004803363615E-07,2.0008004803363615E-07,2.0008004803363615E-07,2.0008004803363615E-07,2.0008004803363615E-07,2.0008004803363615E-07,2.0008004803363615E-07,0.9999985994396638,2.0008004803363615E-07,2.0008004803363615E-07,2.0008004803363615E-07,2.0008004803363615E-07,2.0008004803363615E-07,2.0008004803363615E-07,2.0008004803363615E-07,2.0008004803363615E-07,0.999999799919952,2.0008004803363615E-07,0.999999799919952,2.0008004803363615E-07,0.999999799919952,2.0008004803363615E-07,0.999999799919952,2.0008004803363615E-07,0.999999799919952,2.0008004803363615E-07,0.999999799919952,2.0008004803363615E-07,0.999999799919952,2.0008004803363615E-07,0.999999799919952,2.0008004803363615E-07,0.999999799919952,2.0008004803363615E-07,0.999999799919952,2.0008004803363615E-07,0.999999799919952,2.0008004803363615E-07,0.999999799919952,2.0008004803363615E-07,0.999999799919952,2.0008004803363615E-07,0.999999799919952,2.0008004803363615E-07,0.999999799919952,2.0008004803363615E-07,0.999999799919952,2.0008004803363615E-07,0.999999799919952,2.0008004803363615E-07,0.999999799919952,2.0008004803363615E-07,0.999999799919952,2.0008004803363615E-07,0.999999799919952,2.0008004803363615E-07,0.999999799919952,2.0008004803363615E-07,0.999999799919952,2.0008004803363615E-07,0.999999799919952,2.0008004803363615E-07,0.999999799919952,2.0008004803363615E-07,0.999999799919952,2.0008004803363615E-07,0.999999799919952,2.0008004803363615E-07,0.999999799919952,2.0008004803363615E-07,0.999999799919952,2.0008004803363615E-07,0.999999799919952,2.0008004803363615E-07,0.999999799919952,2.0008004803363615E-07,0.999999799919952,2.0008004803363615E-07,0.999999799919952,2.0008004803363615E-07,0.999999799919952,2.0008004803363615E-07,0.999999799919952,2.0008004803363615E-07,0.999999799919952,2.0008004803363615E-07,0.999999799919952,2.0008004803363615E-07,0.999999799919952,2.0008004803363615E-07,0.999999799919952,2.0008004803363615E-07,0.999999799919952,2.0008004803363615E-07,0.999999799919952,2.0008004803363615E-07,0.999999799919952,2.0008004803363615E-07,0.999999799919952,2.0008004803363615E-07,0.999999799919952,2.0008004803363615E-07,0.999999799919952,2.0008004803363615E-07,0.999999799919952,2.0008004803363615E-07,0.999999799919952,2.0008004803363615E-07,0.999999799919952,2.0008004803363615E-07,0.999999799919952,2.0008004803363615E-07,0.999999799919952,2.0008004803363615E-07,0.999999799919952,2.0008004803363615E-07,0.999999799919952,2.0008004803363615E-07,0.999999799919952,2.0008004803363615E-07,0.999999799919952,2.0008004803363615E-07,0.999999799919952,2.0008004803363615E-07,0.999999799919952,2.0008004803363615E-07,0.999999799919952,0.999999799919952,2.0008004803363615E-07,0.9999985994396638,2.0008004803363615E-07,2.0008004803363615E-07,2.0008004803363615E-07,2.0008004803363615E-07,2.0008004803363615E-07,2.0008004803363615E-07,2.0008004803363615E-07,2.0008004803363615E-07,0.999999799919952,2.0008004803363615E-07,0.999999799919952,2.0008004803363615E-07,0.999999799919952,2.0008004803363615E-07,0.999999799919952,2.0008004803363615E-07,0.999999799919952,2.0008004803363615E-07,0.999999799919952,2.0008004803363615E-07,0.999999799919952,2.0008004803363615E-07,0.999999799919952,2.0008004803363615E-07,0.999999799919952,2.0008004803363615E-07,0.999999799919952,2.0008004803363615E-07,0.999999799919952,2.0008004803363615E-07,0.999999799919952,2.0008004803363615E-07,0.999999799919952,2.0008004803363615E-07,0.999999799919952,2.0008004803363615E-07,0.999999799919952,2.0008004803363615E-07,0.999999799919952,2.0008004803363615E-07,0.999999799919952,2.0008004803363615E-07,0.999999799919952,2.0008004803363615E-07,0.999999799919952,2.0008004803363615E-07,0.999999799919952,2.0008004803363615E-07,0.999999799919952,2.0008004803363615E-07,0.999999799919952,2.0008004803363615E-07,0.999999799919952,2.0008004803363615E-07,0.999999799919952,2.0008004803363615E-07,0.999999799919952,2.0008004803363615E-07,0.999999799919952,2.0008004803363615E-07,0.999999799919952,2.0008004803363615E-07,0.999999799919952,0.999999799919952,2.0008004803363615E-07,2.0008004803363615E-07,2.0008004803363615E-07,2.0008004803363615E-07,0.9999985994396638,2.0008004803363615E-07,2.0008004803363615E-07,2.0008004803363615E-07,2.0008004803363615E-07,2.0008004803363615E-07,0.999999799919952,2.0008004803363615E-07,0.999999799919952,2.0008004803363615E-07,0.999999799919952,2.0008004803363615E-07,0.999999799919952,2.0008004803363615E-07,0.999999799919952,2.0008004803363615E-07,0.999999799919952,2.0008004803363615E-07,0.999999799919952,2.0008004803363615E-07,0.999999799919952,2.0008004803363615E-07,0.999999799919952,2.0008004803363615E-07,0.999999799919952,2.0008004803363615E-07,0.999999799919952,2.0008004803363615E-07,0.999999799919952,2.0008004803363615E-07,0.999999799919952,2.0008004803363615E-07,0.999999799919952,2.0008004803363615E-07,0.999999799919952,2.0008004803363615E-07,0.999999799919952,2.0008004803363615E-07,0.999999799919952,2.0008004803363615E-07,0.999999799919952,2.0008004803363615E-07,0.999999799919952,2.0008004803363615E-07,0.999999799919952,2.0008004803363615E-07,0.999999799919952,2.0008004803363615E-07,0.999999799919952,2.0008004803363615E-07,0.999999799919952,2.0008004803363615E-07,0.999999799919952,2.0008004803363615E-07,0.999999799919952,2.0008004803363615E-07,0.999999799919952,2.0008004803363615E-07,0.999999799919952,2.0008004803363615E-07,0.999999799919952,0.999999799919952,2.0008004803363615E-07,2.0008004803363615E-07,2.0008004803363615E-07,2.0008004803363615E-07,0.9999985994396638,2.0008004803363615E-07,2.0008004803363615E-07,2.0008004803363615E-07,2.0008004803363615E-07,2.0008004803363615E-07,0.999999799919952,2.0008004803363615E-07,0.999999799919952,2.0008004803363615E-07,0.999999799919952,2.0008004803363615E-07,0.999999799919952,2.0008004803363615E-07,0.999999799919952,2.0008004803363615E-07,0.999999799919952,2.0008004803363615E-07,0.999999799919952,2.0008004803363615E-07,0.999999799919952,2.0008004803363615E-07,0.999999799919952,2.0008004803363615E-07,0.999999799919952,2.0008004803363615E-07,0.999999799919952,2.0008004803363615E-07,0.999999799919952,2.0008004803363615E-07,0.999999799919952,2.0008004803363615E-07,0.999999799919952,2.0008004803363615E-07,0.999999799919952,2.0008004803363615E-07,0.999999799919952,2.0008004803363615E-07,0.999999799919952,2.0008004803363615E-07,0.999999799919952,2.0008004803363615E-07,0.999999799919952,2.0008004803363615E-07,0.999999799919952,2.0008004803363615E-07,0.999999799919952,2.0008004803363615E-07,0.999999799919952,2.0008004803363615E-07,0.999999799919952,2.0008004803363615E-07,0.999999799919952,2.0008004803363615E-07,0.999999799919952,2.0008004803363615E-07,0.999999799919952,2.0008004803363615E-07,0.999999799919952,2.0008004803363615E-07,0.999999799919952,0.999999799919952,2.0008004803363615E-07,2.0008004803363615E-07,2.0008004803363615E-07,2.0008004803363615E-07,2.0008004803363615E-07,0.9999985994396638,2.0008004803363615E-07,2.0008004803363615E-07,2.0008004803363615E-07,2.0008004803363615E-07,0.999999799919952,2.0008004803363615E-07,0.999999799919952,2.0008004803363615E-07,0.999999799919952,2.0008004803363615E-07,0.999999799919952,2.0008004803363615E-07,0.999999799919952,2.0008004803363615E-07,0.999999799919952,2.0008004803363615E-07,0.999999799919952,2.0008004803363615E-07,0.999999799919952,2.0008004803363615E-07,0.999999799919952,2.0008004803363615E-07,0.999999799919952,2.0008004803363615E-07,0.999999799919952,2.0008004803363615E-07,0.999999799919952,2.0008004803363615E-07,0.999999799919952,2.0008004803363615E-07,0.999999799919952,2.0008004803363615E-07,0.999999799919952,2.0008004803363615E-07,0.999999799919952,2.0008004803363615E-07,0.999999799919952,2.0008004803363615E-07,0.999999799919952,2.0008004803363615E-07,0.999999799919952,2.0008004803363615E-07,0.999999799919952,2.0008004803363615E-07,0.999999799919952,2.0008004803363615E-07,0.999999799919952,2.0008004803363615E-07,0.999999799919952,2.0008004803363615E-07,0.999999799919952,2.0008004803363615E-07,0.999999799919952,2.0008004803363615E-07,0.999999799919952,2.0008004803363615E-07,0.999999799919952,2.0008004803363615E-07,0.999999799919952,0.999999799919952,2.0008004803363615E-07,2.0008004803363615E-07,2.0008004803363615E-07,2.0008004803363615E-07,2.0008004803363615E-07,2.0008004803363615E-07,0.9999985994396638,2.0008004803363615E-07,2.0008004803363615E-07,2.0008004803363615E-07,0.999999799919952,2.0008004803363615E-07,0.999999799919952,2.0008004803363615E-07,0.999999799919952,2.0008004803363615E-07,0.999999799919952,2.0008004803363615E-07,0.999999799919952,2.0008004803363615E-07,0.999999799919952,2.0008004803363615E-07,0.999999799919952,2.0008004803363615E-07,0.999999799919952,2.0008004803363615E-07,0.999999799919952,2.0008004803363615E-07,0.999999799919952,2.0008004803363615E-07,0.999999799919952,2.0008004803363615E-07,0.999999799919952,2.0008004803363615E-07,0.999999799919952,2.0008004803363615E-07,0.999999799919952,2.0008004803363615E-07,0.999999799919952,2.0008004803363615E-07,0.999999799919952,2.0008004803363615E-07,0.999999799919952,2.0008004803363615E-07,0.999999799919952,2.0008004803363615E-07,0.999999799919952,2.0008004803363615E-07,0.999999799919952,2.0008004803363615E-07,0.999999799919952,2.0008004803363615E-07,0.999999799919952,2.0008004803363615E-07,0.999999799919952,2.0008004803363615E-07,0.999999799919952,2.0008004803363615E-07,0.999999799919952,2.0008004803363615E-07,0.999999799919952,2.0008004803363615E-07,0.999999799919952,2.0008004803363615E-07,0.999999799919952,0.999999799919952,2.0008004803363615E-07,2.0008004803363615E-07,2.0008004803363615E-07,2.0008004803363615E-07,2.0008004803363615E-07,2.0008004803363615E-07,0.9999985994396638,2.0008004803363615E-07,2.0008004803363615E-07,2.0008004803363615E-07,0.999999799919952,2.0008004803363615E-07,0.999999799919952,2.0008004803363615E-07,0.999999799919952,2.0008004803363615E-07,0.999999799919952,2.0008004803363615E-07,0.999999799919952,2.0008004803363615E-07,0.999999799919952,2.0008004803363615E-07,0.999999799919952,2.0008004803363615E-07,0.999999799919952,2.0008004803363615E-07,0.999999799919952,2.0008004803363615E-07,0.999999799919952,2.0008004803363615E-07,0.999999799919952,2.0008004803363615E-07,0.999999799919952,2.0008004803363615E-07,0.999999799919952,2.0008004803363615E-07,0.999999799919952,2.0008004803363615E-07,0.999999799919952,2.0008004803363615E-07,0.999999799919952,2.0008004803363615E-07,0.999999799919952,2.0008004803363615E-07,0.999999799919952,2.0008004803363615E-07,0.999999799919952,2.0008004803363615E-07,0.999999799919952,2.0008004803363615E-07,0.999999799919952,2.0008004803363615E-07,0.999999799919952,2.0008004803363615E-07,0.999999799919952,2.0008004803363615E-07,0.999999799919952,2.0008004803363615E-07,0.999999799919952,2.0008004803363615E-07,0.999999799919952,2.0008004803363615E-07,0.999999799919952,2.0008004803363615E-07,0.999999799919952,0.999999799919952,2.0008004803363615E-07,2.0008004803363615E-07,2.0008004803363615E-07,2.0008004803363615E-07,2.0008004803363615E-07,2.0008004803363615E-07,0.7823942355791317,0.21760456394058023,2.0008004803363615E-07,2.0008004803363615E-07,0.999999799919952,2.0008004803363615E-07,0.999999799919952,2.0008004803363615E-07,0.999999799919952,2.0008004803363615E-07,0.999999799919952,2.0008004803363615E-07,0.999999799919952,2.0008004803363615E-07,0.999999799919952,2.0008004803363615E-07,0.999999799919952,2.0008004803363615E-07,0.999999799919952,2.0008004803363615E-07,0.999999799919952,2.0008004803363615E-07,0.999999799919952,2.0008004803363615E-07,0.999999799919952,2.0008004803363615E-07,0.999999799919952,2.0008004803363615E-07,0.999999799919952,2.0008004803363615E-07,0.999999799919952,2.0008004803363615E-07,0.999999799919952,2.0008004803363615E-07,0.999999799919952,2.0008004803363615E-07,0.999999799919952,2.0008004803363615E-07,0.999999799919952,2.0008004803363615E-07,0.999999799919952,2.0008004803363615E-07,0.999999799919952,2.0008004803363615E-07,0.999999799919952,2.0008004803363615E-07,0.999999799919952,2.0008004803363615E-07,0.999999799919952,2.0008004803363615E-07,0.999999799919952,2.0008004803363615E-07,0.999999799919952,2.0008004803363615E-07,0.999999799919952,2.0008004803363615E-07,0.999999799919952,2.0008004803363615E-07,0.999999799919952,0.999999799919952,2.0008004803363615E-07,0.999999799919952,2.0008004803363615E-07,0.9999985994396638,2.0008004803363615E-07,2.0008004803363615E-07,2.0008004803363615E-07,2.0008004803363615E-07,2.0008004803363615E-07,2.0008004803363615E-07,2.0008004803363615E-07,0.9999985994396638,2.0008004803363615E-07,2.0008004803363615E-07,2.0008004803363615E-07,2.0008004803363615E-07,2.0008004803363615E-07,2.0008004803363615E-07,2.0008004803363615E-07,0.999999799919952,2.0008004803363615E-07,2.0008004803363615E-07,0.999999799919952,0.999999799919952,2.0008004803363615E-07,2.0008004803363615E-07,0.999999799919952,0.999999799919952,2.0008004803363615E-07,2.0008004803363615E-07,0.999999799919952,0.999999799919952,2.0008004803363615E-07,2.0008004803363615E-07,0.999999799919952,0.999999799919952,2.0008004803363615E-07,2.0008004803363615E-07,0.999999799919952,0.999999799919952,2.0008004803363615E-07,2.0008004803363615E-07,0.999999799919952,0.999999799919952,2.0008004803363615E-07,2.0008004803363615E-07,0.999999799919952,0.999999799919952,2.0008004803363615E-07,2.0008004803363615E-07,0.999999799919952,0.999999799919952,2.0008004803363615E-07,2.0008004803363615E-07,0.999999799919952,0.999999799919952,2.0008004803363615E-07,2.0008004803363615E-07,0.999999799919952,0.999999799919952,2.0008004803363615E-07,2.0008004803363615E-07,0.999999799919952,0.999999799919952,2.0008004803363615E-07,2.0008004803363615E-07,0.999999799919952,0.999999799919952,2.0008004803363615E-07,2.0008004803363615E-07,0.999999799919952,0.999999799919952,2.0008004803363615E-07,2.0008004803363615E-07,0.999999799919952,0.999999799919952,2.0008004803363615E-07,2.0008004803363615E-07,0.999999799919952,0.999999799919952,2.0008004803363615E-07,2.0008004803363615E-07,0.999999799919952,0.999999799919952,2.0008004803363615E-07,2.0008004803363615E-07,0.999999799919952,0.999999799919952,2.0008004803363615E-07,2.0008004803363615E-07,0.999999799919952,0.999999799919952,2.0008004803363615E-07,2.0008004803363615E-07,0.999999799919952,0.999999799919952,2.0008004803363615E-07,2.0008004803363615E-07,0.999999799919952,0.999999799919952,2.0008004803363615E-07,2.0008004803363615E-07,0.999999799919952,0.999999799919952,2.0008004803363615E-07,2.0008004803363615E-07,0.999999799919952,0.999999799919952,2.0008004803363615E-07,2.0008004803363615E-07,0.999999799919952,0.999999799919952,2.0008004803363615E-07,2.0008004803363615E-07,0.999999799919952,0.999999799919952,2.0008004803363615E-07,2.0008004803363615E-07,0.999999799919952,0.999999799919952,2.0008004803363615E-07,2.0008004803363615E-07,0.999999799919952,0.999999799919952,2.0008004803363615E-07,2.0008004803363615E-07,0.999999799919952,0.999999799919952,2.0008004803363615E-07,2.0008004803363615E-07,0.999999799919952,0.999999799919952,2.0008004803363615E-07,0.9999985994396638,2.0008004803363615E-07,2.0008004803363615E-07,2.0008004803363615E-07,2.0008004803363615E-07,2.0008004803363615E-07,2.0008004803363615E-07,2.0008004803363615E-07,0.999999799919952,2.0008004803363615E-07,0.999999799919952,2.0008004803363615E-07,0.999999799919952,2.0008004803363615E-07,0.999999799919952,2.0008004803363615E-07,0.999999799919952,2.0008004803363615E-07,0.999999799919952,2.0008004803363615E-07,0.999999799919952,2.0008004803363615E-07,0.999999799919952,2.0008004803363615E-07,0.999999799919952,2.0008004803363615E-07,0.999999799919952,2.0008004803363615E-07,0.999999799919952,2.0008004803363615E-07,0.999999799919952,2.0008004803363615E-07,0.999999799919952,2.0008004803363615E-07,0.999999799919952,2.0008004803363615E-07,0.999999799919952,2.0008004803363615E-07,0.999999799919952,2.0008004803363615E-07,0.999999799919952,2.0008004803363615E-07,0.999999799919952,2.0008004803363615E-07,0.999999799919952,2.0008004803363615E-07,0.999999799919952,2.0008004803363615E-07,0.999999799919952,2.0008004803363615E-07,0.999999799919952,2.0008004803363615E-07,0.999999799919952,2.0008004803363615E-07,0.999999799919952,2.0008004803363615E-07,0.999999799919952,2.0008004803363615E-07,0.999999799919952,2.0008004803363615E-07,0.999999799919952,2.0008004803363615E-07,0.999999799919952,2.0008004803363615E-07,0.999999799919952,2.0008004803363615E-07,0.9999985994396638,2.0008004803363615E-07,2.0008004803363615E-07,2.0008004803363615E-07,2.0008004803363615E-07,2.0008004803363615E-07,2.0008004803363615E-07,2.0008004803363615E-07,2.0008004803363615E-07,0.999999799919952,2.0008004803363615E-07,0.999999799919952,2.0008004803363615E-07,0.999999799919952,2.0008004803363615E-07,0.999999799919952,2.0008004803363615E-07,0.999999799919952,2.0008004803363615E-07,0.999999799919952,2.0008004803363615E-07,0.999999799919952,2.0008004803363615E-07,0.999999799919952,2.0008004803363615E-07,0.999999799919952,2.0008004803363615E-07,0.999999799919952,2.0008004803363615E-07,0.999999799919952,2.0008004803363615E-07,0.999999799919952,2.0008004803363615E-07,0.999999799919952,2.0008004803363615E-07,0.999999799919952,2.0008004803363615E-07,0.999999799919952,2.0008004803363615E-07,0.999999799919952,2.0008004803363615E-07,0.999999799919952,2.0008004803363615E-07,0.999999799919952,2.0008004803363615E-07,0.999999799919952,2.0008004803363615E-07,0.999999799919952,2.0008004803363615E-07,0.999999799919952,2.0008004803363615E-07,0.999999799919952,2.0008004803363615E-07,0.999999799919952,2.0008004803363615E-07,0.999999799919952,2.0008004803363615E-07,0.999999799919952,2.0008004803363615E-07,0.999999799919952,2.0008004803363615E-07,0.999999799919952,2.0008004803363615E-07,0.999999799919952,0.999999799919952,2.0008004803363615E-07,0.9999985994396638,2.0008004803363615E-07,2.0008004803363615E-07,2.0008004803363615E-07,2.0008004803363615E-07,2.0008004803363615E-07,2.0008004803363615E-07,2.0008004803363615E-07,2.0008004803363615E-07,0.999999799919952,2.0008004803363615E-07,0.999999799919952,2.0008004803363615E-07,0.999999799919952,2.0008004803363615E-07,0.999999799919952,2.0008004803363615E-07,0.999999799919952,2.0008004803363615E-07,0.999999799919952,2.0008004803363615E-07,0.999999799919952,2.0008004803363615E-07,0.999999799919952,2.0008004803363615E-07,0.999999799919952,2.0008004803363615E-07,0.999999799919952,2.0008004803363615E-07,0.999999799919952,2.0008004803363615E-07,0.999999799919952,2.0008004803363615E-07,0.999999799919952,2.0008004803363615E-07,0.999999799919952,2.0008004803363615E-07,0.999999799919952,2.0008004803363615E-07,0.999999799919952,2.0008004803363615E-07,0.999999799919952,2.0008004803363615E-07,0.999999799919952,2.0008004803363615E-07,0.999999799919952,2.0008004803363615E-07,0.999999799919952,2.0008004803363615E-07,0.999999799919952,2.0008004803363615E-07,0.999999799919952,2.0008004803363615E-07,0.999999799919952,2.0008004803363615E-07,0.999999799919952,2.0008004803363615E-07,0.999999799919952,2.0008004803363615E-07,0.999999799919952,2.0008004803363615E-07,0.999999799919952,2.0008004803363615E-07,0.999999799919952,0.999999799919952,2.0008004803363615E-07,2.0008004803363615E-07,2.0008004803363615E-07,2.0008004803363615E-07,0.9999985994396638,2.0008004803363615E-07,2.0008004803363615E-07,2.0008004803363615E-07,2.0008004803363615E-07,2.0008004803363615E-07,0.999999799919952,2.0008004803363615E-07,0.999999799919952,2.0008004803363615E-07,0.999999799919952,2.0008004803363615E-07,0.999999799919952,2.0008004803363615E-07,0.999999799919952,2.0008004803363615E-07,0.999999799919952,2.0008004803363615E-07,0.999999799919952,2.0008004803363615E-07,0.999999799919952,2.0008004803363615E-07,0.999999799919952,2.0008004803363615E-07,0.999999799919952,2.0008004803363615E-07,0.999999799919952,2.0008004803363615E-07,0.999999799919952,2.0008004803363615E-07,0.999999799919952,2.0008004803363615E-07,0.999999799919952,2.0008004803363615E-07,0.999999799919952,2.0008004803363615E-07,0.999999799919952,2.0008004803363615E-07,0.999999799919952,2.0008004803363615E-07,0.999999799919952,2.0008004803363615E-07,0.999999799919952,2.0008004803363615E-07,0.999999799919952,2.0008004803363615E-07,0.999999799919952,2.0008004803363615E-07,0.999999799919952,2.0008004803363615E-07,0.999999799919952,2.0008004803363615E-07,0.999999799919952,2.0008004803363615E-07,0.999999799919952,2.0008004803363615E-07,0.999999799919952,2.0008004803363615E-07,0.999999799919952,2.0008004803363615E-07,0.999999799919952,0.999999799919952,2.0008004803363615E-07,2.0008004803363615E-07,2.0008004803363615E-07,2.0008004803363615E-07,0.9999985994396638,2.0008004803363615E-07,2.0008004803363615E-07,2.0008004803363615E-07,2.0008004803363615E-07,2.0008004803363615E-07,0.999999799919952,2.0008004803363615E-07,0.999999799919952,2.0008004803363615E-07,0.999999799919952,2.0008004803363615E-07,0.999999799919952,2.0008004803363615E-07,0.999999799919952,2.0008004803363615E-07,0.999999799919952,2.0008004803363615E-07,0.999999799919952,2.0008004803363615E-07,0.999999799919952,2.0008004803363615E-07,0.999999799919952,2.0008004803363615E-07,0.999999799919952,2.0008004803363615E-07,0.999999799919952,2.0008004803363615E-07,0.999999799919952,2.0008004803363615E-07,0.999999799919952,2.0008004803363615E-07,0.999999799919952,2.0008004803363615E-07,0.999999799919952,2.0008004803363615E-07,0.999999799919952,2.0008004803363615E-07,0.999999799919952,2.0008004803363615E-07,0.999999799919952,2.0008004803363615E-07,0.999999799919952,2.0008004803363615E-07,0.999999799919952,2.0008004803363615E-07,0.999999799919952,2.0008004803363615E-07,0.999999799919952,2.0008004803363615E-07,0.999999799919952,2.0008004803363615E-07,0.999999799919952,2.0008004803363615E-07,0.999999799919952,2.0008004803363615E-07,0.999999799919952,2.0008004803363615E-07,0.999999799919952,2.0008004803363615E-07,0.999999799919952,0.999999799919952,2.0008004803363615E-07,2.0008004803363615E-07,2.0008004803363615E-07,2.0008004803363615E-07,0.5484387522454632,0.45156004727424853,2.0008004803363615E-07,2.0008004803363615E-07,2.0008004803363615E-07,2.0008004803363615E-07,0.999999799919952,2.0008004803363615E-07,0.999999799919952,2.0008004803363615E-07,0.999999799919952,2.0008004803363615E-07,0.999999799919952,2.0008004803363615E-07,0.999999799919952,2.0008004803363615E-07,0.999999799919952,2.0008004803363615E-07,0.999999799919952,2.0008004803363615E-07,0.999999799919952,2.0008004803363615E-07,0.999999799919952,2.0008004803363615E-07,0.999999799919952,2.0008004803363615E-07,0.999999799919952,2.0008004803363615E-07,0.999999799919952,2.0008004803363615E-07,0.999999799919952,2.0008004803363615E-07,0.999999799919952,2.0008004803363615E-07,0.999999799919952,2.0008004803363615E-07,0.999999799919952,2.0008004803363615E-07,0.999999799919952,2.0008004803363615E-07,0.999999799919952,2.0008004803363615E-07,0.999999799919952,2.0008004803363615E-07,0.999999799919952,2.0008004803363615E-07,0.999999799919952,2.0008004803363615E-07,0.999999799919952,2.0008004803363615E-07,0.999999799919952,2.0008004803363615E-07,0.999999799919952,2.0008004803363615E-07,0.999999799919952,2.0008004803363615E-07,0.999999799919952,2.0008004803363615E-07,0.999999799919952,2.0008004803363615E-07,0.999999799919952,0.999999799919952,2.0008004803363615E-07,2.0008004803363615E-07,2.0008004803363615E-07,2.0008004803363615E-07,0.4077551287926459,0.4951109758524553,0.09713289495465877,2.0008004803363615E-07,2.0008004803363615E-07,2.0008004803363615E-07,0.999999799919952,2.0008004803363615E-07,0.999999799919952,2.0008004803363615E-07,0.999999799919952,2.0008004803363615E-07,0.999999799919952,2.0008004803363615E-07,0.999999799919952,2.0008004803363615E-07,0.999999799919952,2.0008004803363615E-07,0.999999799919952,2.0008004803363615E-07,0.999999799919952,2.0008004803363615E-07,0.999999799919952,2.0008004803363615E-07,0.999999799919952,2.0008004803363615E-07,0.999999799919952,2.0008004803363615E-07,0.999999799919952,2.0008004803363615E-07,0.999999799919952,2.0008004803363615E-07,0.999999799919952,2.0008004803363615E-07,0.999999799919952,2.0008004803363615E-07,0.999999799919952,2.0008004803363615E-07,0.999999799919952,2.0008004803363615E-07,0.999999799919952,2.0008004803363615E-07,0.999999799919952,2.0008004803363615E-07,0.999999799919952,2.0008004803363615E-07,0.999999799919952,2.0008004803363615E-07,0.999999799919952,2.0008004803363615E-07,0.999999799919952,2.0008004803363615E-07,0.999999799919952,2.0008004803363615E-07,0.999999799919952,2.0008004803363615E-07,0.999999799919952,2.0008004803363615E-07,0.999999799919952,2.0008004803363615E-07,0.999999799919952,0.999999799919952,2.0008004803363615E-07,0.999999799919952,2.0008004803363615E-07,0.9999985994396638,2.0008004803363615E-07,2.0008004803363615E-07,2.0008004803363615E-07,2.0008004803363615E-07,2.0008004803363615E-07,2.0008004803363615E-07,2.0008004803363615E-07,0.9999985994396638,2.0008004803363615E-07,2.0008004803363615E-07,2.0008004803363615E-07,2.0008004803363615E-07,2.0008004803363615E-07,2.0008004803363615E-07,2.0008004803363615E-07,0.999999799919952,2.0008004803363615E-07,2.0008004803363615E-07,0.999999799919952,0.999999799919952,2.0008004803363615E-07,2.0008004803363615E-07,0.999999799919952,0.999999799919952,2.0008004803363615E-07,2.0008004803363615E-07,0.999999799919952,0.999999799919952,2.0008004803363615E-07,2.0008004803363615E-07,0.999999799919952,0.999999799919952,2.0008004803363615E-07,2.0008004803363615E-07,0.999999799919952,0.999999799919952,2.0008004803363615E-07,2.0008004803363615E-07,0.999999799919952,0.999999799919952,2.0008004803363615E-07,2.0008004803363615E-07,0.999999799919952,0.999999799919952,2.0008004803363615E-07,2.0008004803363615E-07,0.999999799919952,0.999999799919952,2.0008004803363615E-07,2.0008004803363615E-07,0.999999799919952,0.999999799919952,2.0008004803363615E-07,2.0008004803363615E-07,0.999999799919952,0.999999799919952,2.0008004803363615E-07,2.0008004803363615E-07,0.999999799919952,0.999999799919952,2.0008004803363615E-07,2.0008004803363615E-07,0.999999799919952,0.999999799919952,2.0008004803363615E-07,2.0008004803363615E-07,0.999999799919952,0.999999799919952,2.0008004803363615E-07,2.0008004803363615E-07,0.999999799919952,0.999999799919952,2.0008004803363615E-07,2.0008004803363615E-07,0.999999799919952,0.999999799919952,2.0008004803363615E-07,2.0008004803363615E-07,0.999999799919952,0.999999799919952,2.0008004803363615E-07,2.0008004803363615E-07,0.999999799919952,0.999999799919952,2.0008004803363615E-07,2.0008004803363615E-07,0.999999799919952,0.999999799919952,2.0008004803363615E-07,2.0008004803363615E-07,0.999999799919952,0.999999799919952,2.0008004803363615E-07,2.0008004803363615E-07,0.999999799919952,0.999999799919952,2.0008004803363615E-07,2.0008004803363615E-07,0.999999799919952,0.999999799919952,2.0008004803363615E-07,2.0008004803363615E-07,0.999999799919952,0.999999799919952,2.0008004803363615E-07,2.0008004803363615E-07,0.999999799919952,0.999999799919952,2.0008004803363615E-07,2.0008004803363615E-07,0.999999799919952,0.999999799919952,2.0008004803363615E-07,2.0008004803363615E-07,0.999999799919952,0.999999799919952,2.0008004803363615E-07,2.0008004803363615E-07,0.999999799919952,0.999999799919952,2.0008004803363615E-07,2.0008004803363615E-07,0.999999799919952,0.999999799919952,2.0008004803363615E-07,2.0008004803363615E-07,0.999999799919952,0.999999799919952,2.0008004803363615E-07,0.9999985994396638,2.0008004803363615E-07,2.0008004803363615E-07,2.0008004803363615E-07,2.0008004803363615E-07,2.0008004803363615E-07,2.0008004803363615E-07,2.0008004803363615E-07,0.999999799919952,2.0008004803363615E-07,0.999999799919952,2.0008004803363615E-07,0.999999799919952,2.0008004803363615E-07,0.999999799919952,2.0008004803363615E-07,0.999999799919952,2.0008004803363615E-07,0.999999799919952,2.0008004803363615E-07,0.999999799919952,2.0008004803363615E-07,0.999999799919952,2.0008004803363615E-07,0.999999799919952,2.0008004803363615E-07,0.999999799919952,2.0008004803363615E-07,0.999999799919952,2.0008004803363615E-07,0.999999799919952,2.0008004803363615E-07,0.999999799919952,2.0008004803363615E-07,0.999999799919952,2.0008004803363615E-07,0.999999799919952,2.0008004803363615E-07,0.999999799919952,2.0008004803363615E-07,0.999999799919952,2.0008004803363615E-07,0.999999799919952,2.0008004803363615E-07,0.999999799919952,2.0008004803363615E-07,0.999999799919952,2.0008004803363615E-07,0.999999799919952,2.0008004803363615E-07,0.999999799919952,2.0008004803363615E-07,0.999999799919952,2.0008004803363615E-07,0.999999799919952,2.0008004803363615E-07,0.999999799919952,2.0008004803363615E-07,0.999999799919952,2.0008004803363615E-07,0.999999799919952,2.0008004803363615E-07,0.999999799919952,2.0008004803363615E-07,0.999999799919952,2.0008004803363615E-07,0.9999985994396638,2.0008004803363615E-07,2.0008004803363615E-07,2.0008004803363615E-07,2.0008004803363615E-07,2.0008004803363615E-07,2.0008004803363615E-07,2.0008004803363615E-07,0.999999799919952,2.0008004803363615E-07,0.999999799919952,2.0008004803363615E-07,0.999999799919952,2.0008004803363615E-07,0.999999799919952,2.0008004803363615E-07,0.999999799919952,2.0008004803363615E-07,0.999999799919952,2.0008004803363615E-07,0.999999799919952,2.0008004803363615E-07,0.999999799919952,2.0008004803363615E-07,0.999999799919952,2.0008004803363615E-07,0.999999799919952,2.0008004803363615E-07,0.999999799919952,2.0008004803363615E-07,0.999999799919952,2.0008004803363615E-07,0.999999799919952,2.0008004803363615E-07,0.999999799919952,2.0008004803363615E-07,0.999999799919952,2.0008004803363615E-07,0.999999799919952,2.0008004803363615E-07,0.999999799919952,2.0008004803363615E-07,0.999999799919952,2.0008004803363615E-07,0.999999799919952,2.0008004803363615E-07,0.999999799919952,2.0008004803363615E-07,0.999999799919952,2.0008004803363615E-07,0.999999799919952,2.0008004803363615E-07,0.999999799919952,2.0008004803363615E-07,0.999999799919952,2.0008004803363615E-07,0.999999799919952,2.0008004803363615E-07,0.999999799919952,2.0008004803363615E-07,0.999999799919952,2.0008004803363615E-07,0.999999799919952,2.0008004803363615E-07,0.999999799919952,2.0008004803363615E-07,0.9999985994396638,2.0008004803363615E-07,2.0008004803363615E-07,2.0008004803363615E-07,2.0008004803363615E-07,2.0008004803363615E-07,2.0008004803363615E-07,2.0008004803363615E-07,2.0008004803363615E-07,0.999999799919952,2.0008004803363615E-07,0.999999799919952,2.0008004803363615E-07,0.999999799919952,2.0008004803363615E-07,0.999999799919952,2.0008004803363615E-07,0.999999799919952,2.0008004803363615E-07,0.999999799919952,2.0008004803363615E-07,0.999999799919952,2.0008004803363615E-07,0.999999799919952,2.0008004803363615E-07,0.999999799919952,2.0008004803363615E-07,0.999999799919952,2.0008004803363615E-07,0.999999799919952,2.0008004803363615E-07,0.999999799919952,2.0008004803363615E-07,0.999999799919952,2.0008004803363615E-07,0.999999799919952,2.0008004803363615E-07,0.999999799919952,2.0008004803363615E-07,0.999999799919952,2.0008004803363615E-07,0.999999799919952,2.0008004803363615E-07,0.999999799919952,2.0008004803363615E-07,0.999999799919952,2.0008004803363615E-07,0.999999799919952,2.0008004803363615E-07,0.999999799919952,2.0008004803363615E-07,0.999999799919952,2.0008004803363615E-07,0.999999799919952,2.0008004803363615E-07,0.999999799919952,2.0008004803363615E-07,0.999999799919952,2.0008004803363615E-07,0.999999799919952,2.0008004803363615E-07,0.999999799919952,2.0008004803363615E-07,0.999999799919952,0.999999799919952,2.0008004803363615E-07,0.9999985994396638,2.0008004803363615E-07,2.0008004803363615E-07,2.0008004803363615E-07,2.0008004803363615E-07,2.0008004803363615E-07,2.0008004803363615E-07,2.0008004803363615E-07,2.0008004803363615E-07,0.999999799919952,2.0008004803363615E-07,0.999999799919952,2.0008004803363615E-07,0.999999799919952,2.0008004803363615E-07,0.999999799919952,2.0008004803363615E-07,0.999999799919952,2.0008004803363615E-07,0.999999799919952,2.0008004803363615E-07,0.999999799919952,2.0008004803363615E-07,0.999999799919952,2.0008004803363615E-07,0.999999799919952,2.0008004803363615E-07,0.999999799919952,2.0008004803363615E-07,0.999999799919952,2.0008004803363615E-07,0.999999799919952,2.0008004803363615E-07,0.999999799919952,2.0008004803363615E-07,0.999999799919952,2.0008004803363615E-07,0.999999799919952,2.0008004803363615E-07,0.999999799919952,2.0008004803363615E-07,0.999999799919952,2.0008004803363615E-07,0.999999799919952,2.0008004803363615E-07,0.999999799919952,2.0008004803363615E-07,0.999999799919952,2.0008004803363615E-07,0.999999799919952,2.0008004803363615E-07,0.999999799919952,2.0008004803363615E-07,0.999999799919952,2.0008004803363615E-07,0.999999799919952,2.0008004803363615E-07,0.999999799919952,2.0008004803363615E-07,0.999999799919952,2.0008004803363615E-07,0.999999799919952,2.0008004803363615E-07,0.999999799919952,0.999999799919952,2.0008004803363615E-07,2.0008004803363615E-07,0.156804173916007,0.17469898518877983,0.17906187423596445,0.1699266928705956,0.14726469271085935,0.11104016662251286,0.061203214375232885,2.0008004803363615E-07,0.999999799919952,2.0008004803363615E-07,0.999999799919952,2.0008004803363615E-07,0.999999799919952,2.0008004803363615E-07,0.999999799919952,2.0008004803363615E-07,0.999999799919952,2.0008004803363615E-07,0.999999799919952,2.0008004803363615E-07,0.999999799919952,2.0008004803363615E-07,0.999999799919952,2.0008004803363615E-07,0.999999799919952,2.0008004803363615E-07,0.999999799919952,2.0008004803363615E-07,0.999999799919952,2.0008004803363615E-07,0.999999799919952,2.0008004803363615E-07,0.999999799919952,2.0008004803363615E-07,0.999999799919952,2.0008004803363615E-07,0.999999799919952,2.0008004803363615E-07,0.999999799919952,2.0008004803363615E-07,0.999999799919952,2.0008004803363615E-07,0.999999799919952,2.0008004803363615E-07,0.999999799919952,2.0008004803363615E-07,0.999999799919952,2.0008004803363615E-07,0.999999799919952,2.0008004803363615E-07,0.999999799919952,2.0008004803363615E-07,0.999999799919952,2.0008004803363615E-07,0.999999799919952,2.0008004803363615E-07,0.999999799919952,2.0008004803363615E-07,0.999999799919952,2.0008004803363615E-07,0.999999799919952,2.0008004803363615E-07,0.999999799919952,0.999999799919952,2.0008004803363615E-07,2.0008004803363615E-07,2.0008004803363615E-07,2.0008004803363615E-07,0.9999985994396638,2.0008004803363615E-07,2.0008004803363615E-07,2.0008004803363615E-07,2.0008004803363615E-07,2.0008004803363615E-07,0.999999799919952,2.0008004803363615E-07,0.999999799919952,2.0008004803363615E-07,0.999999799919952,2.0008004803363615E-07,0.999999799919952,2.0008004803363615E-07,0.999999799919952,2.0008004803363615E-07,0.999999799919952,2.0008004803363615E-07,0.999999799919952,2.0008004803363615E-07,0.999999799919952,2.0008004803363615E-07,0.999999799919952,2.0008004803363615E-07,0.999999799919952,2.0008004803363615E-07,0.999999799919952,2.0008004803363615E-07,0.999999799919952,2.0008004803363615E-07,0.999999799919952,2.0008004803363615E-07,0.999999799919952,2.0008004803363615E-07,0.999999799919952,2.0008004803363615E-07,0.999999799919952,2.0008004803363615E-07,0.999999799919952,2.0008004803363615E-07,0.999999799919952,2.0008004803363615E-07,0.999999799919952,2.0008004803363615E-07,0.999999799919952,2.0008004803363615E-07,0.999999799919952,2.0008004803363615E-07,0.999999799919952,2.0008004803363615E-07,0.999999799919952,2.0008004803363615E-07,0.999999799919952,2.0008004803363615E-07,0.999999799919952,2.0008004803363615E-07,0.999999799919952,2.0008004803363615E-07,0.999999799919952,2.0008004803363615E-07,0.999999799919952,0.999999799919952,2.0008004803363615E-07,2.0008004803363615E-07,2.0008004803363615E-07,2.0008004803363615E-07,0.9999985994396638,2.0008004803363615E-07,2.0008004803363615E-07,2.0008004803363615E-07,2.0008004803363615E-07,2.0008004803363615E-07,0.999999799919952,2.0008004803363615E-07,0.999999799919952,2.0008004803363615E-07,0.999999799919952,2.0008004803363615E-07,0.999999799919952,2.0008004803363615E-07,0.999999799919952,2.0008004803363615E-07,0.999999799919952,2.0008004803363615E-07,0.999999799919952,2.0008004803363615E-07,0.999999799919952,2.0008004803363615E-07,0.999999799919952,2.0008004803363615E-07,0.999999799919952,2.0008004803363615E-07,0.999999799919952,2.0008004803363615E-07,0.999999799919952,2.0008004803363615E-07,0.999999799919952,2.0008004803363615E-07,0.999999799919952,2.0008004803363615E-07,0.999999799919952,2.0008004803363615E-07,0.999999799919952,2.0008004803363615E-07,0.999999799919952,2.0008004803363615E-07,0.999999799919952,2.0008004803363615E-07,0.999999799919952,2.0008004803363615E-07,0.999999799919952,2.0008004803363615E-07,0.999999799919952,2.0008004803363615E-07,0.999999799919952,2.0008004803363615E-07,0.999999799919952,2.0008004803363615E-07,0.999999799919952,2.0008004803363615E-07,0.999999799919952,2.0008004803363615E-07,0.999999799919952,2.0008004803363615E-07,0.999999799919952,2.0008004803363615E-07,0.999999799919952,0.999999799919952,2.0008004803363615E-07,0.999999799919952,2.0008004803363615E-07,0.9999985994396638,2.0008004803363615E-07,2.0008004803363615E-07,2.0008004803363615E-07,2.0008004803363615E-07,2.0008004803363615E-07,2.0008004803363615E-07,2.0008004803363615E-07,0.9999985994396638,2.0008004803363615E-07,2.0008004803363615E-07,2.0008004803363615E-07,2.0008004803363615E-07,2.0008004803363615E-07,2.0008004803363615E-07,2.0008004803363615E-07,0.999999799919952,2.0008004803363615E-07,2.0008004803363615E-07,0.999999799919952,0.999999799919952,2.0008004803363615E-07,2.0008004803363615E-07,0.999999799919952,0.999999799919952,2.0008004803363615E-07,2.0008004803363615E-07,0.999999799919952,0.999999799919952,2.0008004803363615E-07,2.0008004803363615E-07,0.999999799919952,0.999999799919952,2.0008004803363615E-07,2.0008004803363615E-07,0.999999799919952,0.999999799919952,2.0008004803363615E-07,2.0008004803363615E-07,0.999999799919952,0.999999799919952,2.0008004803363615E-07,2.0008004803363615E-07,0.999999799919952,0.999999799919952,2.0008004803363615E-07,2.0008004803363615E-07,0.999999799919952,0.999999799919952,2.0008004803363615E-07,2.0008004803363615E-07,0.999999799919952,0.999999799919952,2.0008004803363615E-07,2.0008004803363615E-07,0.999999799919952,0.999999799919952,2.0008004803363615E-07,2.0008004803363615E-07,0.999999799919952,0.999999799919952,2.0008004803363615E-07,2.0008004803363615E-07,0.999999799919952,0.999999799919952,2.0008004803363615E-07,2.0008004803363615E-07,0.999999799919952,0.999999799919952,2.0008004803363615E-07,2.0008004803363615E-07,0.999999799919952,0.999999799919952,2.0008004803363615E-07,2.0008004803363615E-07,0.999999799919952,0.999999799919952,2.0008004803363615E-07,2.0008004803363615E-07,0.999999799919952,0.999999799919952,2.0008004803363615E-07,2.0008004803363615E-07,0.999999799919952,0.999999799919952,2.0008004803363615E-07,2.0008004803363615E-07,0.999999799919952,0.999999799919952,2.0008004803363615E-07,2.0008004803363615E-07,0.999999799919952,0.999999799919952,2.0008004803363615E-07,2.0008004803363615E-07,0.999999799919952,0.999999799919952,2.0008004803363615E-07,2.0008004803363615E-07,0.999999799919952,0.999999799919952,2.0008004803363615E-07,2.0008004803363615E-07,0.999999799919952,0.999999799919952,2.0008004803363615E-07,2.0008004803363615E-07,0.999999799919952,0.999999799919952,2.0008004803363615E-07,2.0008004803363615E-07,0.999999799919952,0.999999799919952,2.0008004803363615E-07,2.0008004803363615E-07,0.999999799919952,0.999999799919952,2.0008004803363615E-07,2.0008004803363615E-07,0.999999799919952,0.999999799919952,2.0008004803363615E-07,2.0008004803363615E-07,0.999999799919952,0.999999799919952,2.0008004803363615E-07,2.0008004803363615E-07,0.999999799919952,0.999999799919952,2.0008004803363615E-07,0.9999985994396638,2.0008004803363615E-07,2.0008004803363615E-07,2.0008004803363615E-07,2.0008004803363615E-07,2.0008004803363615E-07,2.0008004803363615E-07,2.0008004803363615E-07,0.999999799919952,2.0008004803363615E-07,0.999999799919952,2.0008004803363615E-07,0.999999799919952,2.0008004803363615E-07,0.999999799919952,2.0008004803363615E-07,0.999999799919952,2.0008004803363615E-07,0.999999799919952,2.0008004803363615E-07,0.999999799919952,2.0008004803363615E-07,0.999999799919952,2.0008004803363615E-07,0.999999799919952,2.0008004803363615E-07,0.999999799919952,2.0008004803363615E-07,0.999999799919952,2.0008004803363615E-07,0.999999799919952,2.0008004803363615E-07,0.999999799919952,2.0008004803363615E-07,0.999999799919952,2.0008004803363615E-07,0.999999799919952,2.0008004803363615E-07,0.999999799919952,2.0008004803363615E-07,0.999999799919952,2.0008004803363615E-07,0.999999799919952,2.0008004803363615E-07,0.999999799919952,2.0008004803363615E-07,0.999999799919952,2.0008004803363615E-07,0.999999799919952,2.0008004803363615E-07,0.999999799919952,2.0008004803363615E-07,0.999999799919952,2.0008004803363615E-07,0.999999799919952,2.0008004803363615E-07,0.999999799919952,2.0008004803363615E-07,0.999999799919952,2.0008004803363615E-07,0.999999799919952,2.0008004803363615E-07,0.999999799919952,2.0008004803363615E-07,0.999999799919952,2.0008004803363615E-07,0.9999985994396638,2.0008004803363615E-07,2.0008004803363615E-07,2.0008004803363615E-07,2.0008004803363615E-07,2.0008004803363615E-07,2.0008004803363615E-07,2.0008004803363615E-07,0.999999799919952,2.0008004803363615E-07,0.999999799919952,2.0008004803363615E-07,0.999999799919952,2.0008004803363615E-07,0.999999799919952,2.0008004803363615E-07,0.999999799919952,2.0008004803363615E-07,0.999999799919952,2.0008004803363615E-07,0.999999799919952,2.0008004803363615E-07,0.999999799919952,2.0008004803363615E-07,0.999999799919952,2.0008004803363615E-07,0.999999799919952,2.0008004803363615E-07,0.999999799919952,2.0008004803363615E-07,0.999999799919952,2.0008004803363615E-07,0.999999799919952,2.0008004803363615E-07,0.999999799919952,2.0008004803363615E-07,0.999999799919952,2.0008004803363615E-07,0.999999799919952,2.0008004803363615E-07,0.999999799919952,2.0008004803363615E-07,0.999999799919952,2.0008004803363615E-07,0.999999799919952,2.0008004803363615E-07,0.999999799919952,2.0008004803363615E-07,0.999999799919952,2.0008004803363615E-07,0.999999799919952,2.0008004803363615E-07,0.999999799919952,2.0008004803363615E-07,0.999999799919952,2.0008004803363615E-07,0.999999799919952,2.0008004803363615E-07,0.999999799919952,2.0008004803363615E-07,0.999999799919952,2.0008004803363615E-07,0.999999799919952,2.0008004803363615E-07,0.999999799919952,2.0008004803363615E-07,0.9999985994396638,2.0008004803363615E-07,2.0008004803363615E-07,2.0008004803363615E-07,2.0008004803363615E-07,2.0008004803363615E-07,2.0008004803363615E-07,2.0008004803363615E-07,0.999999799919952,2.0008004803363615E-07,0.999999799919952,2.0008004803363615E-07,0.999999799919952,2.0008004803363615E-07,0.999999799919952,2.0008004803363615E-07,0.999999799919952,2.0008004803363615E-07,0.999999799919952,2.0008004803363615E-07,0.999999799919952,2.0008004803363615E-07,0.999999799919952,2.0008004803363615E-07,0.999999799919952,2.0008004803363615E-07,0.999999799919952,2.0008004803363615E-07,0.999999799919952,2.0008004803363615E-07,0.999999799919952,2.0008004803363615E-07,0.999999799919952,2.0008004803363615E-07,0.999999799919952,2.0008004803363615E-07,0.999999799919952,2.0008004803363615E-07,0.999999799919952,2.0008004803363615E-07,0.999999799919952,2.0008004803363615E-07,0.999999799919952,2.0008004803363615E-07,0.999999799919952,2.0008004803363615E-07,0.999999799919952,2.0008004803363615E-07,0.999999799919952,2.0008004803363615E-07,0.999999799919952,2.0008004803363615E-07,0.999999799919952,2.0008004803363615E-07,0.999999799919952,2.0008004803363615E-07,0.999999799919952,2.0008004803363615E-07,0.999999799919952,2.0008004803363615E-07,0.999999799919952,2.0008004803363615E-07,0.999999799919952,2.0008004803363615E-07,0.999999799919952,2.0008004803363615E-07,0.9999985994396638,2.0008004803363615E-07,2.0008004803363615E-07,2.0008004803363615E-07,2.0008004803363615E-07,2.0008004803363615E-07,2.0008004803363615E-07,2.0008004803363615E-07,0.999999799919952,2.0008004803363615E-07,0.999999799919952,2.0008004803363615E-07,0.999999799919952,2.0008004803363615E-07,0.999999799919952,2.0008004803363615E-07,0.999999799919952,2.0008004803363615E-07,0.999999799919952,2.0008004803363615E-07,0.999999799919952,2.0008004803363615E-07,0.999999799919952,2.0008004803363615E-07,0.999999799919952,2.0008004803363615E-07,0.999999799919952,2.0008004803363615E-07,0.999999799919952,2.0008004803363615E-07,0.999999799919952,2.0008004803363615E-07,0.999999799919952,2.0008004803363615E-07,0.999999799919952,2.0008004803363615E-07,0.999999799919952,2.0008004803363615E-07,0.999999799919952,2.0008004803363615E-07,0.999999799919952,2.0008004803363615E-07,0.999999799919952,2.0008004803363615E-07,0.999999799919952,2.0008004803363615E-07,0.999999799919952,2.0008004803363615E-07,0.999999799919952,2.0008004803363615E-07,0.999999799919952,2.0008004803363615E-07,0.999999799919952,2.0008004803363615E-07,0.999999799919952,2.0008004803363615E-07,0.999999799919952,2.0008004803363615E-07,0.999999799919952,2.0008004803363615E-07,0.999999799919952,2.0008004803363615E-07,0.999999799919952,2.0008004803363615E-07,0.999999799919952,2.0008004803363615E-07,0.9999985994396638,2.0008004803363615E-07,2.0008004803363615E-07,2.0008004803363615E-07,2.0008004803363615E-07,2.0008004803363615E-07,2.0008004803363615E-07,2.0008004803363615E-07,0.999999799919952,2.0008004803363615E-07,0.999999799919952,2.0008004803363615E-07,0.999999799919952,2.0008004803363615E-07,0.999999799919952,2.0008004803363615E-07,0.999999799919952,2.0008004803363615E-07,0.999999799919952,2.0008004803363615E-07,0.999999799919952,2.0008004803363615E-07,0.999999799919952,2.0008004803363615E-07,0.999999799919952,2.0008004803363615E-07,0.999999799919952,2.0008004803363615E-07,0.999999799919952,2.0008004803363615E-07,0.999999799919952,2.0008004803363615E-07,0.999999799919952,2.0008004803363615E-07,0.999999799919952,2.0008004803363615E-07,0.999999799919952,2.0008004803363615E-07,0.999999799919952,2.0008004803363615E-07,0.999999799919952,2.0008004803363615E-07,0.999999799919952,2.0008004803363615E-07,0.999999799919952,2.0008004803363615E-07,0.999999799919952,2.0008004803363615E-07,0.999999799919952,2.0008004803363615E-07,0.999999799919952,2.0008004803363615E-07,0.999999799919952,2.0008004803363615E-07,0.999999799919952,2.0008004803363615E-07,0.999999799919952,2.0008004803363615E-07,0.999999799919952,2.0008004803363615E-07,0.999999799919952,2.0008004803363615E-07,0.999999799919952,2.0008004803363615E-07,0.999999799919952,2.0008004803363615E-07,0.9999985994396638,2.0008004803363615E-07,2.0008004803363615E-07,2.0008004803363615E-07,2.0008004803363615E-07,2.0008004803363615E-07,2.0008004803363615E-07,2.0008004803363615E-07,0.999999799919952,2.0008004803363615E-07,0.999999799919952,2.0008004803363615E-07,0.999999799919952,2.0008004803363615E-07,0.999999799919952,2.0008004803363615E-07,0.999999799919952,2.0008004803363615E-07,0.999999799919952,2.0008004803363615E-07,0.999999799919952,2.0008004803363615E-07,0.999999799919952,2.0008004803363615E-07,0.999999799919952,2.0008004803363615E-07,0.999999799919952,2.0008004803363615E-07,0.999999799919952,2.0008004803363615E-07,0.999999799919952,2.0008004803363615E-07,0.999999799919952,2.0008004803363615E-07,0.999999799919952,2.0008004803363615E-07,0.999999799919952,2.0008004803363615E-07,0.999999799919952,2.0008004803363615E-07,0.999999799919952,2.0008004803363615E-07,0.999999799919952,2.0008004803363615E-07,0.999999799919952,2.0008004803363615E-07,0.999999799919952,2.0008004803363615E-07,0.999999799919952,2.0008004803363615E-07,0.999999799919952,2.0008004803363615E-07,0.999999799919952,2.0008004803363615E-07,0.999999799919952,2.0008004803363615E-07,0.999999799919952,2.0008004803363615E-07,0.999999799919952,2.0008004803363615E-07,0.999999799919952,2.0008004803363615E-07,0.999999799919952,2.0008004803363615E-07,0.999999799919952,2.0008004803363615E-07,0.9999985994396638,2.0008004803363615E-07,2.0008004803363615E-07,2.0008004803363615E-07,2.0008004803363615E-07,2.0008004803363615E-07,2.0008004803363615E-07,2.0008004803363615E-07,0.999999799919952,2.0008004803363615E-07,0.999999799919952,2.0008004803363615E-07,0.999999799919952,2.0008004803363615E-07,0.999999799919952,2.0008004803363615E-07,0.999999799919952,2.0008004803363615E-07,0.999999799919952,2.0008004803363615E-07,0.999999799919952,2.0008004803363615E-07,0.999999799919952,2.0008004803363615E-07,0.999999799919952,2.0008004803363615E-07,0.999999799919952,2.0008004803363615E-07,0.999999799919952,2.0008004803363615E-07,0.999999799919952,2.0008004803363615E-07,0.999999799919952,2.0008004803363615E-07,0.999999799919952,2.0008004803363615E-07,0.999999799919952,2.0008004803363615E-07,0.999999799919952,2.0008004803363615E-07,0.999999799919952,2.0008004803363615E-07,0.999999799919952,2.0008004803363615E-07,0.999999799919952,2.0008004803363615E-07,0.999999799919952,2.0008004803363615E-07,0.999999799919952,2.0008004803363615E-07,0.999999799919952,2.0008004803363615E-07,0.999999799919952,2.0008004803363615E-07,0.999999799919952,2.0008004803363615E-07,0.999999799919952,2.0008004803363615E-07,0.999999799919952,2.0008004803363615E-07,0.999999799919952,2.0008004803363615E-07,0.999999799919952,2.0008004803363615E-07,0.999999799919952,2.0008004803363615E-07,0.999999799919952,2.0008004803363615E-07,0.9999985994396638,2.0008004803363615E-07,2.0008004803363615E-07,2.0008004803363615E-07,2.0008004803363615E-07,2.0008004803363615E-07,2.0008004803363615E-07,2.0008004803363615E-07,0.9999985994396638,2.0008004803363615E-07,2.0008004803363615E-07,2.0008004803363615E-07,2.0008004803363615E-07,2.0008004803363615E-07,2.0008004803363615E-07,2.0008004803363615E-07,0.999999799919952,2.0008004803363615E-07,2.0008004803363615E-07,0.999999799919952,0.999999799919952,2.0008004803363615E-07,2.0008004803363615E-07,0.999999799919952,0.999999799919952,2.0008004803363615E-07,2.0008004803363615E-07,0.999999799919952,0.999999799919952,2.0008004803363615E-07,2.0008004803363615E-07,0.999999799919952,0.999999799919952,2.0008004803363615E-07,2.0008004803363615E-07,0.999999799919952,0.999999799919952,2.0008004803363615E-07,2.0008004803363615E-07,0.999999799919952,0.999999799919952,2.0008004803363615E-07,2.0008004803363615E-07,0.999999799919952,0.999999799919952,2.0008004803363615E-07,2.0008004803363615E-07,0.999999799919952,0.999999799919952,2.0008004803363615E-07,2.0008004803363615E-07,0.999999799919952,0.999999799919952,2.0008004803363615E-07,2.0008004803363615E-07,0.999999799919952,0.999999799919952,2.0008004803363615E-07,2.0008004803363615E-07,0.999999799919952,0.999999799919952,2.0008004803363615E-07,2.0008004803363615E-07,0.999999799919952,0.999999799919952,2.0008004803363615E-07,2.0008004803363615E-07,0.999999799919952,0.999999799919952,2.0008004803363615E-07,2.0008004803363615E-07,0.999999799919952,0.999999799919952,2.0008004803363615E-07,2.0008004803363615E-07,0.999999799919952,0.999999799919952,2.0008004803363615E-07,2.0008004803363615E-07,0.999999799919952,0.999999799919952,2.0008004803363615E-07,2.0008004803363615E-07,0.999999799919952,0.999999799919952,2.0008004803363615E-07,2.0008004803363615E-07,0.999999799919952,0.999999799919952,2.0008004803363615E-07,2.0008004803363615E-07,0.999999799919952,0.999999799919952,2.0008004803363615E-07,2.0008004803363615E-07,0.999999799919952,0.999999799919952,2.0008004803363615E-07,2.0008004803363615E-07,0.999999799919952,0.999999799919952,2.0008004803363615E-07,2.0008004803363615E-07,0.999999799919952,0.999999799919952,2.0008004803363615E-07,2.0008004803363615E-07,0.999999799919952,0.999999799919952,2.0008004803363615E-07,2.0008004803363615E-07,0.999999799919952,0.999999799919952,2.0008004803363615E-07,2.0008004803363615E-07,0.999999799919952,0.999999799919952,2.0008004803363615E-07,2.0008004803363615E-07,0.999999799919952,0.999999799919952,2.0008004803363615E-07,2.0008004803363615E-07,0.999999799919952,0.999999799919952,2.0008004803363615E-07,2.0008004803363615E-07,0.999999799919952,0.999999799919952,2.0008004803363615E-07,0.9999985994396638,2.0008004803363615E-07,2.0008004803363615E-07,2.0008004803363615E-07,2.0008004803363615E-07,2.0008004803363615E-07,2.0008004803363615E-07,2.0008004803363615E-07,0.999999799919952,2.0008004803363615E-07,0.999999799919952,2.0008004803363615E-07,0.999999799919952,2.0008004803363615E-07,0.999999799919952,2.0008004803363615E-07,0.999999799919952,2.0008004803363615E-07,0.999999799919952,2.0008004803363615E-07,0.999999799919952,2.0008004803363615E-07,0.999999799919952,2.0008004803363615E-07,0.999999799919952,2.0008004803363615E-07,0.999999799919952,2.0008004803363615E-07,0.999999799919952,2.0008004803363615E-07,0.999999799919952,2.0008004803363615E-07,0.999999799919952,2.0008004803363615E-07,0.999999799919952,2.0008004803363615E-07,0.999999799919952,2.0008004803363615E-07,0.999999799919952,2.0008004803363615E-07,0.999999799919952,2.0008004803363615E-07,0.999999799919952,2.0008004803363615E-07,0.999999799919952,2.0008004803363615E-07,0.999999799919952,2.0008004803363615E-07,0.999999799919952,2.0008004803363615E-07,0.999999799919952,2.0008004803363615E-07,0.999999799919952,2.0008004803363615E-07,0.999999799919952,2.0008004803363615E-07,0.999999799919952,2.0008004803363615E-07,0.999999799919952,2.0008004803363615E-07,0.999999799919952,2.0008004803363615E-07,0.999999799919952,2.0008004803363615E-07,0.999999799919952,2.0008004803363615E-07,0.9999985994396638,2.0008004803363615E-07,2.0008004803363615E-07,2.0008004803363615E-07,2.0008004803363615E-07,2.0008004803363615E-07,2.0008004803363615E-07,2.0008004803363615E-07,0.999999799919952,2.0008004803363615E-07,0.999999799919952,2.0008004803363615E-07,0.999999799919952,2.0008004803363615E-07,0.999999799919952,2.0008004803363615E-07,0.999999799919952,2.0008004803363615E-07,0.999999799919952,2.0008004803363615E-07,0.999999799919952,2.0008004803363615E-07,0.999999799919952,2.0008004803363615E-07,0.999999799919952,2.0008004803363615E-07,0.999999799919952,2.0008004803363615E-07,0.999999799919952,2.0008004803363615E-07,0.999999799919952,2.0008004803363615E-07,0.999999799919952,2.0008004803363615E-07,0.999999799919952,2.0008004803363615E-07,0.999999799919952,2.0008004803363615E-07,0.999999799919952,2.0008004803363615E-07,0.999999799919952,2.0008004803363615E-07,0.999999799919952,2.0008004803363615E-07,0.999999799919952,2.0008004803363615E-07,0.999999799919952,2.0008004803363615E-07,0.999999799919952,2.0008004803363615E-07,0.999999799919952,2.0008004803363615E-07,0.999999799919952,2.0008004803363615E-07,0.999999799919952,2.0008004803363615E-07,0.999999799919952,2.0008004803363615E-07,0.999999799919952,2.0008004803363615E-07,0.999999799919952,2.0008004803363615E-07,0.999999799919952,2.0008004803363615E-07,0.999999799919952,2.0008004803363615E-07,0.9999985994396638,2.0008004803363615E-07,2.0008004803363615E-07,2.0008004803363615E-07,2.0008004803363615E-07,2.0008004803363615E-07,2.0008004803363615E-07,2.0008004803363615E-07,0.999999799919952,2.0008004803363615E-07,0.999999799919952,2.0008004803363615E-07,0.999999799919952,2.0008004803363615E-07,0.999999799919952,2.0008004803363615E-07,0.999999799919952,2.0008004803363615E-07,0.999999799919952,2.0008004803363615E-07,0.999999799919952,2.0008004803363615E-07,0.999999799919952,2.0008004803363615E-07,0.999999799919952,2.0008004803363615E-07,0.999999799919952,2.0008004803363615E-07,0.999999799919952,2.0008004803363615E-07,0.999999799919952,2.0008004803363615E-07,0.999999799919952,2.0008004803363615E-07,0.999999799919952,2.0008004803363615E-07,0.999999799919952,2.0008004803363615E-07,0.999999799919952,2.0008004803363615E-07,0.999999799919952,2.0008004803363615E-07,0.999999799919952,2.0008004803363615E-07,0.999999799919952,2.0008004803363615E-07,0.999999799919952,2.0008004803363615E-07,0.999999799919952,2.0008004803363615E-07,0.999999799919952,2.0008004803363615E-07,0.999999799919952,2.0008004803363615E-07,0.999999799919952,2.0008004803363615E-07,0.999999799919952,2.0008004803363615E-07,0.999999799919952,2.0008004803363615E-07,0.999999799919952,2.0008004803363615E-07,0.999999799919952,2.0008004803363615E-07,0.999999799919952,2.0008004803363615E-07,0.9999985994396638,2.0008004803363615E-07,2.0008004803363615E-07,2.0008004803363615E-07,2.0008004803363615E-07,2.0008004803363615E-07,2.0008004803363615E-07,2.0008004803363615E-07,0.999999799919952,2.0008004803363615E-07,0.999999799919952,2.0008004803363615E-07,0.999999799919952,2.0008004803363615E-07,0.999999799919952,2.0008004803363615E-07,0.999999799919952,2.0008004803363615E-07,0.999999799919952,2.0008004803363615E-07,0.999999799919952,2.0008004803363615E-07,0.999999799919952,2.0008004803363615E-07,0.999999799919952,2.0008004803363615E-07,0.999999799919952,2.0008004803363615E-07,0.999999799919952,2.0008004803363615E-07,0.999999799919952,2.0008004803363615E-07,0.999999799919952,2.0008004803363615E-07,0.999999799919952,2.0008004803363615E-07,0.999999799919952,2.0008004803363615E-07,0.999999799919952,2.0008004803363615E-07,0.999999799919952,2.0008004803363615E-07,0.999999799919952,2.0008004803363615E-07,0.999999799919952,2.0008004803363615E-07,0.999999799919952,2.0008004803363615E-07,0.999999799919952,2.0008004803363615E-07,0.999999799919952,2.0008004803363615E-07,0.999999799919952,2.0008004803363615E-07,0.999999799919952,2.0008004803363615E-07,0.999999799919952,2.0008004803363615E-07,0.999999799919952,2.0008004803363615E-07,0.999999799919952,2.0008004803363615E-07,0.999999799919952,2.0008004803363615E-07,0.999999799919952,2.0008004803363615E-07,0.9999985994396638,2.0008004803363615E-07,2.0008004803363615E-07,2.0008004803363615E-07,2.0008004803363615E-07,2.0008004803363615E-07,2.0008004803363615E-07,2.0008004803363615E-07,0.999999799919952,2.0008004803363615E-07,0.999999799919952,2.0008004803363615E-07,0.999999799919952,2.0008004803363615E-07,0.999999799919952,2.0008004803363615E-07,0.999999799919952,2.0008004803363615E-07,0.999999799919952,2.0008004803363615E-07,0.999999799919952,2.0008004803363615E-07,0.999999799919952,2.0008004803363615E-07,0.999999799919952,2.0008004803363615E-07,0.999999799919952,2.0008004803363615E-07,0.999999799919952,2.0008004803363615E-07,0.999999799919952,2.0008004803363615E-07,0.999999799919952,2.0008004803363615E-07,0.999999799919952,2.0008004803363615E-07,0.999999799919952,2.0008004803363615E-07,0.999999799919952,2.0008004803363615E-07,0.999999799919952,2.0008004803363615E-07,0.999999799919952,2.0008004803363615E-07,0.999999799919952,2.0008004803363615E-07,0.999999799919952,2.0008004803363615E-07,0.999999799919952,2.0008004803363615E-07,0.999999799919952,2.0008004803363615E-07,0.999999799919952,2.0008004803363615E-07,0.999999799919952,2.0008004803363615E-07,0.999999799919952,2.0008004803363615E-07,0.999999799919952,2.0008004803363615E-07,0.999999799919952,2.0008004803363615E-07,0.999999799919952,2.0008004803363615E-07,0.999999799919952,2.0008004803363615E-07,0.9999985994396638,2.0008004803363615E-07,2.0008004803363615E-07,2.0008004803363615E-07,2.0008004803363615E-07,2.0008004803363615E-07,2.0008004803363615E-07,2.0008004803363615E-07,0.999999799919952,2.0008004803363615E-07,0.999999799919952,2.0008004803363615E-07,0.999999799919952,2.0008004803363615E-07,0.999999799919952,2.0008004803363615E-07,0.999999799919952,2.0008004803363615E-07,0.999999799919952,2.0008004803363615E-07,0.999999799919952,2.0008004803363615E-07,0.999999799919952,2.0008004803363615E-07,0.999999799919952,2.0008004803363615E-07,0.999999799919952,2.0008004803363615E-07,0.999999799919952,2.0008004803363615E-07,0.999999799919952,2.0008004803363615E-07,0.999999799919952,2.0008004803363615E-07,0.999999799919952,2.0008004803363615E-07,0.999999799919952,2.0008004803363615E-07,0.999999799919952,2.0008004803363615E-07,0.999999799919952,2.0008004803363615E-07,0.999999799919952,2.0008004803363615E-07,0.999999799919952,2.0008004803363615E-07,0.999999799919952,2.0008004803363615E-07,0.999999799919952,2.0008004803363615E-07,0.999999799919952,2.0008004803363615E-07,0.999999799919952,2.0008004803363615E-07,0.999999799919952,2.0008004803363615E-07,0.999999799919952,2.0008004803363615E-07,0.999999799919952,2.0008004803363615E-07,0.999999799919952,2.0008004803363615E-07,0.999999799919952,2.0008004803363615E-07,0.999999799919952,2.0008004803363615E-07,0.9999985994396638,2.0008004803363615E-07,2.0008004803363615E-07,2.0008004803363615E-07,2.0008004803363615E-07,2.0008004803363615E-07,2.0008004803363615E-07,2.0008004803363615E-07,0.999999799919952,2.0008004803363615E-07,0.999999799919952,2.0008004803363615E-07,0.999999799919952,2.0008004803363615E-07,0.999999799919952,2.0008004803363615E-07,0.999999799919952,2.0008004803363615E-07,0.999999799919952,2.0008004803363615E-07,0.999999799919952,2.0008004803363615E-07,0.999999799919952,2.0008004803363615E-07,0.999999799919952,2.0008004803363615E-07,0.999999799919952,2.0008004803363615E-07,0.999999799919952,2.0008004803363615E-07,0.999999799919952,2.0008004803363615E-07,0.999999799919952,2.0008004803363615E-07,0.999999799919952,2.0008004803363615E-07,0.999999799919952,2.0008004803363615E-07,0.999999799919952,2.0008004803363615E-07,0.999999799919952,2.0008004803363615E-07,0.999999799919952,2.0008004803363615E-07,0.999999799919952,2.0008004803363615E-07,0.999999799919952,2.0008004803363615E-07,0.999999799919952,2.0008004803363615E-07,0.999999799919952,2.0008004803363615E-07,0.999999799919952,2.0008004803363615E-07,0.999999799919952,2.0008004803363615E-07,0.999999799919952,2.0008004803363615E-07,0.999999799919952,2.0008004803363615E-07,0.999999799919952,2.0008004803363615E-07,0.999999799919952,2.0008004803363615E-07,0.999999799919952,2.0008004803363615E-07,2.0008004803363615E-07,2.0008004803363615E-07,2.0008004803363615E-07,2.0008004803363615E-07,0.9999985994396638,2.0008004803363615E-07,2.0008004803363615E-07,2.0008004803363615E-07,0.999999799919952,2.0008004803363615E-07,2.0008004803363615E-07,0.18197919537681337,0.3340242273919434,0.32621554022380256,0.15778023668724858,2.0008004803363615E-07,2.0008004803363615E-07,2.0008004803363615E-07,2.0008004803363615E-07,0.999999799919952,2.0008004803363615E-07,0.999999799919952,2.0008004803363615E-07,0.999999799919952,2.0008004803363615E-07,0.999999799919952,2.0008004803363615E-07,0.999999799919952,2.0008004803363615E-07,0.999999799919952,2.0008004803363615E-07,0.999999799919952,2.0008004803363615E-07,0.999999799919952,2.0008004803363615E-07,0.999999799919952,2.0008004803363615E-07,0.999999799919952,2.0008004803363615E-07,0.999999799919952,2.0008004803363615E-07,0.999999799919952,2.0008004803363615E-07,0.999999799919952,2.0008004803363615E-07,0.999999799919952,2.0008004803363615E-07,0.999999799919952,2.0008004803363615E-07,0.999999799919952,2.0008004803363615E-07,0.999999799919952,2.0008004803363615E-07,0.999999799919952,2.0008004803363615E-07,0.999999799919952,2.0008004803363615E-07,0.999999799919952,2.0008004803363615E-07,0.999999799919952,2.0008004803363615E-07,0.999999799919952,2.0008004803363615E-07,0.999999799919952,2.0008004803363615E-07,0.999999799919952,2.0008004803363615E-07,0.999999799919952,2.0008004803363615E-07,0.999999799919952,2.0008004803363615E-07,0.999999799919952,2.0008004803363615E-07,0.999999799919952,0.999999799919952,2.0008004803363615E-07,0.26016433308139797,0.36936991950663145,0.3704647470117306,2.0008004803363615E-07,2.0008004803363615E-07,2.0008004803363615E-07,2.0008004803363615E-07,2.0008004803363615E-07,2.0008004803363615E-07,0.999999799919952,2.0008004803363615E-07,0.999999799919952,2.0008004803363615E-07,0.999999799919952,2.0008004803363615E-07,0.999999799919952,2.0008004803363615E-07,0.999999799919952,2.0008004803363615E-07,0.999999799919952,2.0008004803363615E-07,0.999999799919952,2.0008004803363615E-07,0.999999799919952,2.0008004803363615E-07,0.999999799919952,2.0008004803363615E-07,0.999999799919952,2.0008004803363615E-07,0.999999799919952,2.0008004803363615E-07,0.999999799919952,2.0008004803363615E-07,0.999999799919952,2.0008004803363615E-07,0.999999799919952,2.0008004803363615E-07,0.999999799919952,2.0008004803363615E-07,0.999999799919952,2.0008004803363615E-07,0.999999799919952,2.0008004803363615E-07,0.999999799919952,2.0008004803363615E-07,0.999999799919952,2.0008004803363615E-07,0.999999799919952,2.0008004803363615E-07,0.999999799919952,2.0008004803363615E-07,0.999999799919952,2.0008004803363615E-07,0.999999799919952,2.0008004803363615E-07,0.999999799919952,2.0008004803363615E-07,0.999999799919952,2.0008004803363615E-07,0.999999799919952,2.0008004803363615E-07,0.999999799919952,2.0008004803363615E-07,0.999999799919952,0.999999799919952,2.0008004803363615E-07,0.49665461989459747,0.5033441796251144,2.0008004803363615E-07,2.0008004803363615E-07,2.0008004803363615E-07,2.0008004803363615E-07,2.0008004803363615E-07,2.0008004803363615E-07,2.0008004803363615E-07,0.999999799919952,2.0008004803363615E-07,0.999999799919952,2.0008004803363615E-07,0.999999799919952,2.0008004803363615E-07,0.999999799919952,2.0008004803363615E-07,0.999999799919952,2.0008004803363615E-07,0.999999799919952,2.0008004803363615E-07,0.999999799919952,2.0008004803363615E-07,0.999999799919952,2.0008004803363615E-07,0.999999799919952,2.0008004803363615E-07,0.999999799919952,2.0008004803363615E-07,0.999999799919952,2.0008004803363615E-07,0.999999799919952,2.0008004803363615E-07,0.999999799919952,2.0008004803363615E-07,0.999999799919952,2.0008004803363615E-07,0.999999799919952,2.0008004803363615E-07,0.999999799919952,2.0008004803363615E-07,0.999999799919952,2.0008004803363615E-07,0.999999799919952,2.0008004803363615E-07,0.999999799919952,2.0008004803363615E-07,0.999999799919952,2.0008004803363615E-07,0.999999799919952,2.0008004803363615E-07,0.999999799919952,2.0008004803363615E-07,0.999999799919952,2.0008004803363615E-07,0.999999799919952,2.0008004803363615E-07,0.999999799919952,2.0008004803363615E-07,0.999999799919952,2.0008004803363615E-07,0.999999799919952,2.0008004803363615E-07,0.999999799919952,0.999999799919952,2.0008004803363615E-07,0.9999985994396638,2.0008004803363615E-07,2.0008004803363615E-07,2.0008004803363615E-07,2.0008004803363615E-07,2.0008004803363615E-07,2.0008004803363615E-07,2.0008004803363615E-07,2.0008004803363615E-07,0.999999799919952,2.0008004803363615E-07,0.999999799919952,2.0008004803363615E-07,0.999999799919952,2.0008004803363615E-07,0.999999799919952,2.0008004803363615E-07,0.999999799919952,2.0008004803363615E-07,0.999999799919952,2.0008004803363615E-07,0.999999799919952,2.0008004803363615E-07,0.999999799919952,2.0008004803363615E-07,0.999999799919952,2.0008004803363615E-07,0.999999799919952,2.0008004803363615E-07,0.999999799919952,2.0008004803363615E-07,0.999999799919952,2.0008004803363615E-07,0.999999799919952,2.0008004803363615E-07,0.999999799919952,2.0008004803363615E-07,0.999999799919952,2.0008004803363615E-07,0.999999799919952,2.0008004803363615E-07,0.999999799919952,2.0008004803363615E-07,0.999999799919952,2.0008004803363615E-07,0.999999799919952,2.0008004803363615E-07,0.999999799919952,2.0008004803363615E-07,0.999999799919952,2.0008004803363615E-07,0.999999799919952,2.0008004803363615E-07,0.999999799919952,2.0008004803363615E-07,0.999999799919952,2.0008004803363615E-07,0.999999799919952,2.0008004803363615E-07,0.999999799919952,2.0008004803363615E-07,0.999999799919952,2.0008004803363615E-07,0.999999799919952,0.999999799919952,2.0008004803363615E-07,0.9999985994396638,2.0008004803363615E-07,2.0008004803363615E-07,2.0008004803363615E-07,2.0008004803363615E-07,2.0008004803363615E-07,2.0008004803363615E-07,2.0008004803363615E-07,2.0008004803363615E-07,0.999999799919952,2.0008004803363615E-07,0.999999799919952,2.0008004803363615E-07,0.999999799919952,2.0008004803363615E-07,0.999999799919952,2.0008004803363615E-07,0.999999799919952,2.0008004803363615E-07,0.999999799919952,2.0008004803363615E-07,0.999999799919952,2.0008004803363615E-07,0.999999799919952,2.0008004803363615E-07,0.999999799919952,2.0008004803363615E-07,0.999999799919952,2.0008004803363615E-07,0.999999799919952,2.0008004803363615E-07,0.999999799919952,2.0008004803363615E-07,0.999999799919952,2.0008004803363615E-07,0.999999799919952,2.0008004803363615E-07,0.999999799919952,2.0008004803363615E-07,0.999999799919952,2.0008004803363615E-07,0.999999799919952,2.0008004803363615E-07,0.999999799919952,2.0008004803363615E-07,0.999999799919952,2.0008004803363615E-07,0.999999799919952,2.0008004803363615E-07,0.999999799919952,2.0008004803363615E-07,0.999999799919952,2.0008004803363615E-07,0.999999799919952,2.0008004803363615E-07,0.999999799919952,2.0008004803363615E-07,0.999999799919952,2.0008004803363615E-07,0.999999799919952,2.0008004803363615E-07,0.999999799919952,2.0008004803363615E-07,0.999999799919952,0.999999799919952,2.0008004803363615E-07,0.9999985994396638,2.0008004803363615E-07,2.0008004803363615E-07,2.0008004803363615E-07,2.0008004803363615E-07,2.0008004803363615E-07,2.0008004803363615E-07,2.0008004803363615E-07,2.0008004803363615E-07,0.999999799919952,2.0008004803363615E-07,0.999999799919952,2.0008004803363615E-07,0.999999799919952,2.0008004803363615E-07,0.999999799919952,2.0008004803363615E-07,0.999999799919952,2.0008004803363615E-07,0.999999799919952,2.0008004803363615E-07,0.999999799919952,2.0008004803363615E-07,0.999999799919952,2.0008004803363615E-07,0.999999799919952,2.0008004803363615E-07,0.999999799919952,2.0008004803363615E-07,0.999999799919952,2.0008004803363615E-07,0.999999799919952,2.0008004803363615E-07,0.999999799919952,2.0008004803363615E-07,0.999999799919952,2.0008004803363615E-07,0.999999799919952,2.0008004803363615E-07,0.999999799919952,2.0008004803363615E-07,0.999999799919952,2.0008004803363615E-07,0.999999799919952,2.0008004803363615E-07,0.999999799919952,2.0008004803363615E-07,0.999999799919952,2.0008004803363615E-07,0.999999799919952,2.0008004803363615E-07,0.999999799919952,2.0008004803363615E-07,0.999999799919952,2.0008004803363615E-07,0.999999799919952,2.0008004803363615E-07,0.999999799919952,2.0008004803363615E-07,0.999999799919952,2.0008004803363615E-07,0.999999799919952,2.0008004803363615E-07,0.999999799919952,0.999999799919952,2.0008004803363615E-07,0.9999985994396638,2.0008004803363615E-07,2.0008004803363615E-07,2.0008004803363615E-07,2.0008004803363615E-07,2.0008004803363615E-07,2.0008004803363615E-07,2.0008004803363615E-07,2.0008004803363615E-07,0.999999799919952,2.0008004803363615E-07,0.999999799919952,2.0008004803363615E-07,0.999999799919952,2.0008004803363615E-07,0.999999799919952,2.0008004803363615E-07,0.999999799919952,2.0008004803363615E-07,0.999999799919952,2.0008004803363615E-07,0.999999799919952,2.0008004803363615E-07,0.999999799919952,2.0008004803363615E-07,0.999999799919952,2.0008004803363615E-07,0.999999799919952,2.0008004803363615E-07,0.999999799919952,2.0008004803363615E-07,0.999999799919952,2.0008004803363615E-07,0.999999799919952,2.0008004803363615E-07,0.999999799919952,2.0008004803363615E-07,0.999999799919952,2.0008004803363615E-07,0.999999799919952,2.0008004803363615E-07,0.999999799919952,2.0008004803363615E-07,0.999999799919952,2.0008004803363615E-07,0.999999799919952,2.0008004803363615E-07,0.999999799919952,2.0008004803363615E-07,0.999999799919952,2.0008004803363615E-07,0.999999799919952,2.0008004803363615E-07,0.999999799919952,2.0008004803363615E-07,0.999999799919952,2.0008004803363615E-07,0.999999799919952,2.0008004803363615E-07,0.999999799919952,2.0008004803363615E-07,0.999999799919952,2.0008004803363615E-07,0.999999799919952,0.999999799919952,2.0008004803363615E-07,0.9999985994396638,2.0008004803363615E-07,2.0008004803363615E-07,2.0008004803363615E-07,2.0008004803363615E-07,2.0008004803363615E-07,2.0008004803363615E-07,2.0008004803363615E-07,2.0008004803363615E-07,0.999999799919952,2.0008004803363615E-07,0.999999799919952,2.0008004803363615E-07,0.999999799919952,2.0008004803363615E-07,0.999999799919952,2.0008004803363615E-07,0.999999799919952,2.0008004803363615E-07,0.999999799919952,2.0008004803363615E-07,0.999999799919952,2.0008004803363615E-07,0.999999799919952,2.0008004803363615E-07,0.999999799919952,2.0008004803363615E-07,0.999999799919952,2.0008004803363615E-07,0.999999799919952,2.0008004803363615E-07,0.999999799919952,2.0008004803363615E-07,0.999999799919952,2.0008004803363615E-07,0.999999799919952,2.0008004803363615E-07,0.999999799919952,2.0008004803363615E-07,0.999999799919952,2.0008004803363615E-07,0.999999799919952,2.0008004803363615E-07,0.999999799919952,2.0008004803363615E-07,0.999999799919952,2.0008004803363615E-07,0.999999799919952,2.0008004803363615E-07,0.999999799919952,2.0008004803363615E-07,0.999999799919952,2.0008004803363615E-07,0.999999799919952,2.0008004803363615E-07,0.999999799919952,2.0008004803363615E-07,0.999999799919952,2.0008004803363615E-07,0.999999799919952,2.0008004803363615E-07,0.999999799919952,2.0008004803363615E-07,0.999999799919952,0.999999799919952,2.0008004803363615E-07,2.0008004803363615E-07,2.0008004803363615E-07,2.0008004803363615E-07,2.0008004803363615E-07,0.9999985994396638,2.0008004803363615E-07,2.0008004803363615E-07,2.0008004803363615E-07,0.999999799919952,2.0008004803363615E-07,2.0008004803363615E-07,2.0008004803363615E-07,0.32403990285196665,0.4212627511477521,0.25469634560004106,2.0008004803363615E-07,2.0008004803363615E-07,2.0008004803363615E-07,2.0008004803363615E-07,0.999999799919952,2.0008004803363615E-07,0.999999799919952,2.0008004803363615E-07,0.999999799919952,2.0008004803363615E-07,0.999999799919952,2.0008004803363615E-07,0.999999799919952,2.0008004803363615E-07,0.999999799919952,2.0008004803363615E-07,0.999999799919952,2.0008004803363615E-07,0.999999799919952,2.0008004803363615E-07,0.999999799919952,2.0008004803363615E-07,0.999999799919952,2.0008004803363615E-07,0.999999799919952,2.0008004803363615E-07,0.999999799919952,2.0008004803363615E-07,0.999999799919952,2.0008004803363615E-07,0.999999799919952,2.0008004803363615E-07,0.999999799919952,2.0008004803363615E-07,0.999999799919952,2.0008004803363615E-07,0.999999799919952,2.0008004803363615E-07,0.999999799919952,2.0008004803363615E-07,0.999999799919952,2.0008004803363615E-07,0.999999799919952,2.0008004803363615E-07,0.999999799919952,2.0008004803363615E-07,0.999999799919952,2.0008004803363615E-07,0.999999799919952,2.0008004803363615E-07,0.999999799919952,2.0008004803363615E-07,0.999999799919952,2.0008004803363615E-07,0.999999799919952,2.0008004803363615E-07,0.999999799919952,2.0008004803363615E-07,0.999999799919952,0.999999799919952,2.0008004803363615E-07,0.20197549132998902,0.37163702171486035,0.42638648655491046,2.0008004803363615E-07,2.0008004803363615E-07,2.0008004803363615E-07,2.0008004803363615E-07,2.0008004803363615E-07,2.0008004803363615E-07,0.999999799919952,2.0008004803363615E-07,0.999999799919952,2.0008004803363615E-07,0.999999799919952,2.0008004803363615E-07,0.999999799919952,2.0008004803363615E-07,0.999999799919952,2.0008004803363615E-07,0.999999799919952,2.0008004803363615E-07,0.999999799919952,2.0008004803363615E-07,0.999999799919952,2.0008004803363615E-07,0.999999799919952,2.0008004803363615E-07,0.999999799919952,2.0008004803363615E-07,0.999999799919952,2.0008004803363615E-07,0.999999799919952,2.0008004803363615E-07,0.999999799919952,2.0008004803363615E-07,0.999999799919952,2.0008004803363615E-07,0.999999799919952,2.0008004803363615E-07,0.999999799919952,2.0008004803363615E-07,0.999999799919952,2.0008004803363615E-07,0.999999799919952,2.0008004803363615E-07,0.999999799919952,2.0008004803363615E-07,0.999999799919952,2.0008004803363615E-07,0.999999799919952,2.0008004803363615E-07,0.999999799919952,2.0008004803363615E-07,0.999999799919952,2.0008004803363615E-07,0.999999799919952,2.0008004803363615E-07,0.999999799919952,2.0008004803363615E-07,0.999999799919952,2.0008004803363615E-07,0.999999799919952,2.0008004803363615E-07,0.999999799919952,0.999999799919952,2.0008004803363615E-07,0.4775718314899215,0.5224269680297904,2.0008004803363615E-07,2.0008004803363615E-07,2.0008004803363615E-07,2.0008004803363615E-07,2.0008004803363615E-07,2.0008004803363615E-07,2.0008004803363615E-07,0.999999799919952,2.0008004803363615E-07,0.999999799919952,2.0008004803363615E-07,0.999999799919952,2.0008004803363615E-07,0.999999799919952,2.0008004803363615E-07,0.999999799919952,2.0008004803363615E-07,0.999999799919952,2.0008004803363615E-07,0.999999799919952,2.0008004803363615E-07,0.999999799919952,2.0008004803363615E-07,0.999999799919952,2.0008004803363615E-07,0.999999799919952,2.0008004803363615E-07,0.999999799919952,2.0008004803363615E-07,0.999999799919952,2.0008004803363615E-07,0.999999799919952,2.0008004803363615E-07,0.999999799919952,2.0008004803363615E-07,0.999999799919952,2.0008004803363615E-07,0.999999799919952,2.0008004803363615E-07,0.999999799919952,2.0008004803363615E-07,0.999999799919952,2.0008004803363615E-07,0.999999799919952,2.0008004803363615E-07,0.999999799919952,2.0008004803363615E-07,0.999999799919952,2.0008004803363615E-07,0.999999799919952,2.0008004803363615E-07,0.999999799919952,2.0008004803363615E-07,0.999999799919952,2.0008004803363615E-07,0.999999799919952,2.0008004803363615E-07,0.999999799919952,2.0008004803363615E-07,0.999999799919952,2.0008004803363615E-07,0.999999799919952,0.999999799919952,2.0008004803363615E-07,0.9999985994396638,2.0008004803363615E-07,2.0008004803363615E-07,2.0008004803363615E-07,2.0008004803363615E-07,2.0008004803363615E-07,2.0008004803363615E-07,2.0008004803363615E-07,2.0008004803363615E-07,0.999999799919952,2.0008004803363615E-07,0.999999799919952,2.0008004803363615E-07,0.999999799919952,2.0008004803363615E-07,0.999999799919952,2.0008004803363615E-07,0.999999799919952,2.0008004803363615E-07,0.999999799919952,2.0008004803363615E-07,0.999999799919952,2.0008004803363615E-07,0.999999799919952,2.0008004803363615E-07,0.999999799919952,2.0008004803363615E-07,0.999999799919952,2.0008004803363615E-07,0.999999799919952,2.0008004803363615E-07,0.999999799919952,2.0008004803363615E-07,0.999999799919952,2.0008004803363615E-07,0.999999799919952,2.0008004803363615E-07,0.999999799919952,2.0008004803363615E-07,0.999999799919952,2.0008004803363615E-07,0.999999799919952,2.0008004803363615E-07,0.999999799919952,2.0008004803363615E-07,0.999999799919952,2.0008004803363615E-07,0.999999799919952,2.0008004803363615E-07,0.999999799919952,2.0008004803363615E-07,0.999999799919952,2.0008004803363615E-07,0.999999799919952,2.0008004803363615E-07,0.999999799919952,2.0008004803363615E-07,0.999999799919952,2.0008004803363615E-07,0.999999799919952,2.0008004803363615E-07,0.999999799919952,2.0008004803363615E-07,0.999999799919952,0.999999799919952,2.0008004803363615E-07,0.9999985994396638,2.0008004803363615E-07,2.0008004803363615E-07,2.0008004803363615E-07,2.0008004803363615E-07,2.0008004803363615E-07,2.0008004803363615E-07,2.0008004803363615E-07,2.0008004803363615E-07,0.999999799919952,2.0008004803363615E-07,0.999999799919952,2.0008004803363615E-07,0.999999799919952,2.0008004803363615E-07,0.999999799919952,2.0008004803363615E-07,0.999999799919952,2.0008004803363615E-07,0.999999799919952,2.0008004803363615E-07,0.999999799919952,2.0008004803363615E-07,0.999999799919952,2.0008004803363615E-07,0.999999799919952,2.0008004803363615E-07,0.999999799919952,2.0008004803363615E-07,0.999999799919952,2.0008004803363615E-07,0.999999799919952,2.0008004803363615E-07,0.999999799919952,2.0008004803363615E-07,0.999999799919952,2.0008004803363615E-07,0.999999799919952,2.0008004803363615E-07,0.999999799919952,2.0008004803363615E-07,0.999999799919952,2.0008004803363615E-07,0.999999799919952,2.0008004803363615E-07,0.999999799919952,2.0008004803363615E-07,0.999999799919952,2.0008004803363615E-07,0.999999799919952,2.0008004803363615E-07,0.999999799919952,2.0008004803363615E-07,0.999999799919952,2.0008004803363615E-07,0.999999799919952,2.0008004803363615E-07,0.999999799919952,2.0008004803363615E-07,0.999999799919952,2.0008004803363615E-07,0.999999799919952,2.0008004803363615E-07,0.999999799919952,0.999999799919952,2.0008004803363615E-07,0.9999985994396638,2.0008004803363615E-07,2.0008004803363615E-07,2.0008004803363615E-07,2.0008004803363615E-07,2.0008004803363615E-07,2.0008004803363615E-07,2.0008004803363615E-07,2.0008004803363615E-07,0.999999799919952,2.0008004803363615E-07,0.999999799919952,2.0008004803363615E-07,0.999999799919952,2.0008004803363615E-07,0.999999799919952,2.0008004803363615E-07,0.999999799919952,2.0008004803363615E-07,0.999999799919952,2.0008004803363615E-07,0.999999799919952,2.0008004803363615E-07,0.999999799919952,2.0008004803363615E-07,0.999999799919952,2.0008004803363615E-07,0.999999799919952,2.0008004803363615E-07,0.999999799919952,2.0008004803363615E-07,0.999999799919952,2.0008004803363615E-07,0.999999799919952,2.0008004803363615E-07,0.999999799919952,2.0008004803363615E-07,0.999999799919952,2.0008004803363615E-07,0.999999799919952,2.0008004803363615E-07,0.999999799919952,2.0008004803363615E-07,0.999999799919952,2.0008004803363615E-07,0.999999799919952,2.0008004803363615E-07,0.999999799919952,2.0008004803363615E-07,0.999999799919952,2.0008004803363615E-07,0.999999799919952,2.0008004803363615E-07,0.999999799919952,2.0008004803363615E-07,0.999999799919952,2.0008004803363615E-07,0.999999799919952,2.0008004803363615E-07,0.999999799919952,2.0008004803363615E-07,0.999999799919952,2.0008004803363615E-07,0.999999799919952,0.999999799919952,2.0008004803363615E-07,0.9999985994396638,2.0008004803363615E-07,2.0008004803363615E-07,2.0008004803363615E-07,2.0008004803363615E-07,2.0008004803363615E-07,2.0008004803363615E-07,2.0008004803363615E-07,2.0008004803363615E-07,0.999999799919952,2.0008004803363615E-07,0.999999799919952,2.0008004803363615E-07,0.999999799919952,2.0008004803363615E-07,0.999999799919952,2.0008004803363615E-07,0.999999799919952,2.0008004803363615E-07,0.999999799919952,2.0008004803363615E-07,0.999999799919952,2.0008004803363615E-07,0.999999799919952,2.0008004803363615E-07,0.999999799919952,2.0008004803363615E-07,0.999999799919952,2.0008004803363615E-07,0.999999799919952,2.0008004803363615E-07,0.999999799919952,2.0008004803363615E-07,0.999999799919952,2.0008004803363615E-07,0.999999799919952,2.0008004803363615E-07,0.999999799919952,2.0008004803363615E-07,0.999999799919952,2.0008004803363615E-07,0.999999799919952,2.0008004803363615E-07,0.999999799919952,2.0008004803363615E-07,0.999999799919952,2.0008004803363615E-07,0.999999799919952,2.0008004803363615E-07,0.999999799919952,2.0008004803363615E-07,0.999999799919952,2.0008004803363615E-07,0.999999799919952,2.0008004803363615E-07,0.999999799919952,2.0008004803363615E-07,0.999999799919952,2.0008004803363615E-07,0.999999799919952,2.0008004803363615E-07,0.999999799919952,2.0008004803363615E-07,0.999999799919952,0.999999799919952,2.0008004803363615E-07,0.9999985994396638,2.0008004803363615E-07,2.0008004803363615E-07,2.0008004803363615E-07,2.0008004803363615E-07,2.0008004803363615E-07,2.0008004803363615E-07,2.0008004803363615E-07,2.0008004803363615E-07,0.999999799919952,2.0008004803363615E-07,0.999999799919952,2.0008004803363615E-07,0.999999799919952,2.0008004803363615E-07,0.999999799919952,2.0008004803363615E-07,0.999999799919952,2.0008004803363615E-07,0.999999799919952,2.0008004803363615E-07,0.999999799919952,2.0008004803363615E-07,0.999999799919952,2.0008004803363615E-07,0.999999799919952,2.0008004803363615E-07,0.999999799919952,2.0008004803363615E-07,0.999999799919952,2.0008004803363615E-07,0.999999799919952,2.0008004803363615E-07,0.999999799919952,2.0008004803363615E-07,0.999999799919952,2.0008004803363615E-07,0.999999799919952,2.0008004803363615E-07,0.999999799919952,2.0008004803363615E-07,0.999999799919952,2.0008004803363615E-07,0.999999799919952,2.0008004803363615E-07,0.999999799919952,2.0008004803363615E-07,0.999999799919952,2.0008004803363615E-07,0.999999799919952,2.0008004803363615E-07,0.999999799919952,2.0008004803363615E-07,0.999999799919952,2.0008004803363615E-07,0.999999799919952,2.0008004803363615E-07,0.999999799919952,2.0008004803363615E-07,0.999999799919952,2.0008004803363615E-07,0.999999799919952,2.0008004803363615E-07,0.999999799919952,0.999999799919952,2.0008004803363615E-07,2.0008004803363615E-07,2.0008004803363615E-07,2.0008004803363615E-07,2.0008004803363615E-07,2.0008004803363615E-07,0.9999985994396638,2.0008004803363615E-07,2.0008004803363615E-07,0.999999799919952,2.0008004803363615E-07,2.0008004803363615E-07,2.0008004803363615E-07,2.0008004803363615E-07,0.5312644910563712,0.46873430846334074,2.0008004803363615E-07,2.0008004803363615E-07,2.0008004803363615E-07,2.0008004803363615E-07,0.999999799919952,2.0008004803363615E-07,0.999999799919952,2.0008004803363615E-07,0.999999799919952,2.0008004803363615E-07,0.999999799919952,2.0008004803363615E-07,0.999999799919952,2.0008004803363615E-07,0.999999799919952,2.0008004803363615E-07,0.999999799919952,2.0008004803363615E-07,0.999999799919952,2.0008004803363615E-07,0.999999799919952,2.0008004803363615E-07,0.999999799919952,2.0008004803363615E-07,0.999999799919952,2.0008004803363615E-07,0.999999799919952,2.0008004803363615E-07,0.999999799919952,2.0008004803363615E-07,0.999999799919952,2.0008004803363615E-07,0.999999799919952,2.0008004803363615E-07,0.999999799919952,2.0008004803363615E-07,0.999999799919952,2.0008004803363615E-07,0.999999799919952,2.0008004803363615E-07,0.999999799919952,2.0008004803363615E-07,0.999999799919952,2.0008004803363615E-07,0.999999799919952,2.0008004803363615E-07,0.999999799919952,2.0008004803363615E-07,0.999999799919952,2.0008004803363615E-07,0.999999799919952,2.0008004803363615E-07,0.999999799919952,2.0008004803363615E-07,0.999999799919952,2.0008004803363615E-07,0.999999799919952,2.0008004803363615E-07,0.999999799919952,0.999999799919952,2.0008004803363615E-07,2.0008004803363615E-07,0.2329511036427182,0.486582459675521,0.2804654362815207,2.0008004803363615E-07,2.0008004803363615E-07,2.0008004803363615E-07,2.0008004803363615E-07,2.0008004803363615E-07,0.999999799919952,2.0008004803363615E-07,0.999999799919952,2.0008004803363615E-07,0.999999799919952,2.0008004803363615E-07,0.999999799919952,2.0008004803363615E-07,0.999999799919952,2.0008004803363615E-07,0.999999799919952,2.0008004803363615E-07,0.999999799919952,2.0008004803363615E-07,0.999999799919952,2.0008004803363615E-07,0.999999799919952,2.0008004803363615E-07,0.999999799919952,2.0008004803363615E-07,0.999999799919952,2.0008004803363615E-07,0.999999799919952,2.0008004803363615E-07,0.999999799919952,2.0008004803363615E-07,0.999999799919952,2.0008004803363615E-07,0.999999799919952,2.0008004803363615E-07,0.999999799919952,2.0008004803363615E-07,0.999999799919952,2.0008004803363615E-07,0.999999799919952,2.0008004803363615E-07,0.999999799919952,2.0008004803363615E-07,0.999999799919952,2.0008004803363615E-07,0.999999799919952,2.0008004803363615E-07,0.999999799919952,2.0008004803363615E-07,0.999999799919952,2.0008004803363615E-07,0.999999799919952,2.0008004803363615E-07,0.999999799919952,2.0008004803363615E-07,0.999999799919952,2.0008004803363615E-07,0.999999799919952,2.0008004803363615E-07,0.999999799919952,0.999999799919952,2.0008004803363615E-07,0.43802871700976886,0.561970082509943,2.0008004803363615E-07,2.0008004803363615E-07,2.0008004803363615E-07,2.0008004803363615E-07,2.0008004803363615E-07,2.0008004803363615E-07,2.0008004803363615E-07,0.999999799919952,2.0008004803363615E-07,0.999999799919952,2.0008004803363615E-07,0.999999799919952,2.0008004803363615E-07,0.999999799919952,2.0008004803363615E-07,0.999999799919952,2.0008004803363615E-07,0.999999799919952,2.0008004803363615E-07,0.999999799919952,2.0008004803363615E-07,0.999999799919952,2.0008004803363615E-07,0.999999799919952,2.0008004803363615E-07,0.999999799919952,2.0008004803363615E-07,0.999999799919952,2.0008004803363615E-07,0.999999799919952,2.0008004803363615E-07,0.999999799919952,2.0008004803363615E-07,0.999999799919952,2.0008004803363615E-07,0.999999799919952,2.0008004803363615E-07,0.999999799919952,2.0008004803363615E-07,0.999999799919952,2.0008004803363615E-07,0.999999799919952,2.0008004803363615E-07,0.999999799919952,2.0008004803363615E-07,0.999999799919952,2.0008004803363615E-07,0.999999799919952,2.0008004803363615E-07,0.999999799919952,2.0008004803363615E-07,0.999999799919952,2.0008004803363615E-07,0.999999799919952,2.0008004803363615E-07,0.999999799919952,2.0008004803363615E-07,0.999999799919952,2.0008004803363615E-07,0.999999799919952,2.0008004803363615E-07,0.999999799919952,0.999999799919952,2.0008004803363615E-07,0.9999985994396638,2.0008004803363615E-07,2.0008004803363615E-07,2.0008004803363615E-07,2.0008004803363615E-07,2.0008004803363615E-07,2.0008004803363615E-07,2.0008004803363615E-07,2.0008004803363615E-07,0.999999799919952,2.0008004803363615E-07,0.999999799919952,2.0008004803363615E-07,0.999999799919952,2.0008004803363615E-07,0.999999799919952,2.0008004803363615E-07,0.999999799919952,2.0008004803363615E-07,0.999999799919952,2.0008004803363615E-07,0.999999799919952,2.0008004803363615E-07,0.999999799919952,2.0008004803363615E-07,0.999999799919952,2.0008004803363615E-07,0.999999799919952,2.0008004803363615E-07,0.999999799919952,2.0008004803363615E-07,0.999999799919952,2.0008004803363615E-07,0.999999799919952,2.0008004803363615E-07,0.999999799919952,2.0008004803363615E-07,0.999999799919952,2.0008004803363615E-07,0.999999799919952,2.0008004803363615E-07,0.999999799919952,2.0008004803363615E-07,0.999999799919952,2.0008004803363615E-07,0.999999799919952,2.0008004803363615E-07,0.999999799919952,2.0008004803363615E-07,0.999999799919952,2.0008004803363615E-07,0.999999799919952,2.0008004803363615E-07,0.999999799919952,2.0008004803363615E-07,0.999999799919952,2.0008004803363615E-07,0.999999799919952,2.0008004803363615E-07,0.999999799919952,2.0008004803363615E-07,0.999999799919952,2.0008004803363615E-07,0.999999799919952,0.999999799919952,2.0008004803363615E-07,0.9999985994396638,2.0008004803363615E-07,2.0008004803363615E-07,2.0008004803363615E-07,2.0008004803363615E-07,2.0008004803363615E-07,2.0008004803363615E-07,2.0008004803363615E-07,2.0008004803363615E-07,0.999999799919952,2.0008004803363615E-07,0.999999799919952,2.0008004803363615E-07,0.999999799919952,2.0008004803363615E-07,0.999999799919952,2.0008004803363615E-07,0.999999799919952,2.0008004803363615E-07,0.999999799919952,2.0008004803363615E-07,0.999999799919952,2.0008004803363615E-07,0.999999799919952,2.0008004803363615E-07,0.999999799919952,2.0008004803363615E-07,0.999999799919952,2.0008004803363615E-07,0.999999799919952,2.0008004803363615E-07,0.999999799919952,2.0008004803363615E-07,0.999999799919952,2.0008004803363615E-07,0.999999799919952,2.0008004803363615E-07,0.999999799919952,2.0008004803363615E-07,0.999999799919952,2.0008004803363615E-07,0.999999799919952,2.0008004803363615E-07,0.999999799919952,2.0008004803363615E-07,0.999999799919952,2.0008004803363615E-07,0.999999799919952,2.0008004803363615E-07,0.999999799919952,2.0008004803363615E-07,0.999999799919952,2.0008004803363615E-07,0.999999799919952,2.0008004803363615E-07,0.999999799919952,2.0008004803363615E-07,0.999999799919952,2.0008004803363615E-07,0.999999799919952,2.0008004803363615E-07,0.999999799919952,2.0008004803363615E-07,0.999999799919952,0.999999799919952,2.0008004803363615E-07,0.9999985994396638,2.0008004803363615E-07,2.0008004803363615E-07,2.0008004803363615E-07,2.0008004803363615E-07,2.0008004803363615E-07,2.0008004803363615E-07,2.0008004803363615E-07,2.0008004803363615E-07,0.999999799919952,2.0008004803363615E-07,0.999999799919952,2.0008004803363615E-07,0.999999799919952,2.0008004803363615E-07,0.999999799919952,2.0008004803363615E-07,0.999999799919952,2.0008004803363615E-07,0.999999799919952,2.0008004803363615E-07,0.999999799919952,2.0008004803363615E-07,0.999999799919952,2.0008004803363615E-07,0.999999799919952,2.0008004803363615E-07,0.999999799919952,2.0008004803363615E-07,0.999999799919952,2.0008004803363615E-07,0.999999799919952,2.0008004803363615E-07,0.999999799919952,2.0008004803363615E-07,0.999999799919952,2.0008004803363615E-07,0.999999799919952,2.0008004803363615E-07,0.999999799919952,2.0008004803363615E-07,0.999999799919952,2.0008004803363615E-07,0.999999799919952,2.0008004803363615E-07,0.999999799919952,2.0008004803363615E-07,0.999999799919952,2.0008004803363615E-07,0.999999799919952,2.0008004803363615E-07,0.999999799919952,2.0008004803363615E-07,0.999999799919952,2.0008004803363615E-07,0.999999799919952,2.0008004803363615E-07,0.999999799919952,2.0008004803363615E-07,0.999999799919952,2.0008004803363615E-07,0.999999799919952,2.0008004803363615E-07,0.999999799919952,0.999999799919952,2.0008004803363615E-07,0.9999985994396638,2.0008004803363615E-07,2.0008004803363615E-07,2.0008004803363615E-07,2.0008004803363615E-07,2.0008004803363615E-07,2.0008004803363615E-07,2.0008004803363615E-07,2.0008004803363615E-07,0.999999799919952,2.0008004803363615E-07,0.999999799919952,2.0008004803363615E-07,0.999999799919952,2.0008004803363615E-07,0.999999799919952,2.0008004803363615E-07,0.999999799919952,2.0008004803363615E-07,0.999999799919952,2.0008004803363615E-07,0.999999799919952,2.0008004803363615E-07,0.999999799919952,2.0008004803363615E-07,0.999999799919952,2.0008004803363615E-07,0.999999799919952,2.0008004803363615E-07,0.999999799919952,2.0008004803363615E-07,0.999999799919952,2.0008004803363615E-07,0.999999799919952,2.0008004803363615E-07,0.999999799919952,2.0008004803363615E-07,0.999999799919952,2.0008004803363615E-07,0.999999799919952,2.0008004803363615E-07,0.999999799919952,2.0008004803363615E-07,0.999999799919952,2.0008004803363615E-07,0.999999799919952,2.0008004803363615E-07,0.999999799919952,2.0008004803363615E-07,0.999999799919952,2.0008004803363615E-07,0.999999799919952,2.0008004803363615E-07,0.999999799919952,2.0008004803363615E-07,0.999999799919952,2.0008004803363615E-07,0.999999799919952,2.0008004803363615E-07,0.999999799919952,2.0008004803363615E-07,0.999999799919952,2.0008004803363615E-07,0.999999799919952,0.999999799919952,2.0008004803363615E-07,0.9999985994396638,2.0008004803363615E-07,2.0008004803363615E-07,2.0008004803363615E-07,2.0008004803363615E-07,2.0008004803363615E-07,2.0008004803363615E-07,2.0008004803363615E-07,2.0008004803363615E-07,0.999999799919952,2.0008004803363615E-07,0.999999799919952,2.0008004803363615E-07,0.999999799919952,2.0008004803363615E-07,0.999999799919952,2.0008004803363615E-07,0.999999799919952,2.0008004803363615E-07,0.999999799919952,2.0008004803363615E-07,0.999999799919952,2.0008004803363615E-07,0.999999799919952,2.0008004803363615E-07,0.999999799919952,2.0008004803363615E-07,0.999999799919952,2.0008004803363615E-07,0.999999799919952,2.0008004803363615E-07,0.999999799919952,2.0008004803363615E-07,0.999999799919952,2.0008004803363615E-07,0.999999799919952,2.0008004803363615E-07,0.999999799919952,2.0008004803363615E-07,0.999999799919952,2.0008004803363615E-07,0.999999799919952,2.0008004803363615E-07,0.999999799919952,2.0008004803363615E-07,0.999999799919952,2.0008004803363615E-07,0.999999799919952,2.0008004803363615E-07,0.999999799919952,2.0008004803363615E-07,0.999999799919952,2.0008004803363615E-07,0.999999799919952,2.0008004803363615E-07,0.999999799919952,2.0008004803363615E-07,0.999999799919952,2.0008004803363615E-07,0.999999799919952,2.0008004803363615E-07,0.999999799919952,2.0008004803363615E-07,0.999999799919952,0.999999799919952,2.0008004803363615E-07,2.0008004803363615E-07,2.0008004803363615E-07,2.0008004803363615E-07,2.0008004803363615E-07,2.0008004803363615E-07,0.9999985994396638,2.0008004803363615E-07,2.0008004803363615E-07,0.999999799919952,2.0008004803363615E-07,2.0008004803363615E-07,2.0008004803363615E-07,2.0008004803363615E-07,2.0008004803363615E-07,0.9999985994396638,2.0008004803363615E-07,2.0008004803363615E-07,2.0008004803363615E-07,2.0008004803363615E-07,0.999999799919952,2.0008004803363615E-07,0.999999799919952,2.0008004803363615E-07,0.999999799919952,2.0008004803363615E-07,0.999999799919952,2.0008004803363615E-07,0.999999799919952,2.0008004803363615E-07,0.999999799919952,2.0008004803363615E-07,0.999999799919952,2.0008004803363615E-07,0.999999799919952,2.0008004803363615E-07,0.999999799919952,2.0008004803363615E-07,0.999999799919952,2.0008004803363615E-07,0.999999799919952,2.0008004803363615E-07,0.999999799919952,2.0008004803363615E-07,0.999999799919952,2.0008004803363615E-07,0.999999799919952,2.0008004803363615E-07,0.999999799919952,2.0008004803363615E-07,0.999999799919952,2.0008004803363615E-07,0.999999799919952,2.0008004803363615E-07,0.999999799919952,2.0008004803363615E-07,0.999999799919952,2.0008004803363615E-07,0.999999799919952,2.0008004803363615E-07,0.999999799919952,2.0008004803363615E-07,0.999999799919952,2.0008004803363615E-07,0.999999799919952,2.0008004803363615E-07,0.999999799919952,2.0008004803363615E-07,0.999999799919952,2.0008004803363615E-07,0.999999799919952,2.0008004803363615E-07,0.999999799919952,2.0008004803363615E-07,0.999999799919952,0.999999799919952,2.0008004803363615E-07,2.0008004803363615E-07,2.0008004803363615E-07,2.0008004803363615E-07,0.9999985994396638,2.0008004803363615E-07,2.0008004803363615E-07,2.0008004803363615E-07,2.0008004803363615E-07,2.0008004803363615E-07,0.999999799919952,2.0008004803363615E-07,0.999999799919952,2.0008004803363615E-07,0.999999799919952,2.0008004803363615E-07,0.999999799919952,2.0008004803363615E-07,0.999999799919952,2.0008004803363615E-07,0.999999799919952,2.0008004803363615E-07,0.999999799919952,2.0008004803363615E-07,0.999999799919952,2.0008004803363615E-07,0.999999799919952,2.0008004803363615E-07,0.999999799919952,2.0008004803363615E-07,0.999999799919952,2.0008004803363615E-07,0.999999799919952,2.0008004803363615E-07,0.999999799919952,2.0008004803363615E-07,0.999999799919952,2.0008004803363615E-07,0.999999799919952,2.0008004803363615E-07,0.999999799919952,2.0008004803363615E-07,0.999999799919952,2.0008004803363615E-07,0.999999799919952,2.0008004803363615E-07,0.999999799919952,2.0008004803363615E-07,0.999999799919952,2.0008004803363615E-07,0.999999799919952,2.0008004803363615E-07,0.999999799919952,2.0008004803363615E-07,0.999999799919952,2.0008004803363615E-07,0.999999799919952,2.0008004803363615E-07,0.999999799919952,2.0008004803363615E-07,0.999999799919952,2.0008004803363615E-07,0.999999799919952,2.0008004803363615E-07,0.999999799919952,0.999999799919952,2.0008004803363615E-07,0.07321106497365651,0.38189915418880627,0.5448887804372973,2.0008004803363615E-07,2.0008004803363615E-07,2.0008004803363615E-07,2.0008004803363615E-07,2.0008004803363615E-07,2.0008004803363615E-07,0.999999799919952,2.0008004803363615E-07,0.999999799919952,2.0008004803363615E-07,0.999999799919952,2.0008004803363615E-07,0.999999799919952,2.0008004803363615E-07,0.999999799919952,2.0008004803363615E-07,0.999999799919952,2.0008004803363615E-07,0.999999799919952,2.0008004803363615E-07,0.999999799919952,2.0008004803363615E-07,0.999999799919952,2.0008004803363615E-07,0.999999799919952,2.0008004803363615E-07,0.999999799919952,2.0008004803363615E-07,0.999999799919952,2.0008004803363615E-07,0.999999799919952,2.0008004803363615E-07,0.999999799919952,2.0008004803363615E-07,0.999999799919952,2.0008004803363615E-07,0.999999799919952,2.0008004803363615E-07,0.999999799919952,2.0008004803363615E-07,0.999999799919952,2.0008004803363615E-07,0.999999799919952,2.0008004803363615E-07,0.999999799919952,2.0008004803363615E-07,0.999999799919952,2.0008004803363615E-07,0.999999799919952,2.0008004803363615E-07,0.999999799919952,2.0008004803363615E-07,0.999999799919952,2.0008004803363615E-07,0.999999799919952,2.0008004803363615E-07,0.999999799919952,2.0008004803363615E-07,0.999999799919952,2.0008004803363615E-07,0.999999799919952,0.999999799919952,2.0008004803363615E-07,0.9999985994396638,2.0008004803363615E-07,2.0008004803363615E-07,2.0008004803363615E-07,2.0008004803363615E-07,2.0008004803363615E-07,2.0008004803363615E-07,2.0008004803363615E-07,2.0008004803363615E-07,0.999999799919952,2.0008004803363615E-07,0.999999799919952,2.0008004803363615E-07,0.999999799919952,2.0008004803363615E-07,0.999999799919952,2.0008004803363615E-07,0.999999799919952,2.0008004803363615E-07,0.999999799919952,2.0008004803363615E-07,0.999999799919952,2.0008004803363615E-07,0.999999799919952,2.0008004803363615E-07,0.999999799919952,2.0008004803363615E-07,0.999999799919952,2.0008004803363615E-07,0.999999799919952,2.0008004803363615E-07,0.999999799919952,2.0008004803363615E-07,0.999999799919952,2.0008004803363615E-07,0.999999799919952,2.0008004803363615E-07,0.999999799919952,2.0008004803363615E-07,0.999999799919952,2.0008004803363615E-07,0.999999799919952,2.0008004803363615E-07,0.999999799919952,2.0008004803363615E-07,0.999999799919952,2.0008004803363615E-07,0.999999799919952,2.0008004803363615E-07,0.999999799919952,2.0008004803363615E-07,0.999999799919952,2.0008004803363615E-07,0.999999799919952,2.0008004803363615E-07,0.999999799919952,2.0008004803363615E-07,0.999999799919952,2.0008004803363615E-07,0.999999799919952,2.0008004803363615E-07,0.999999799919952,2.0008004803363615E-07,0.999999799919952,0.999999799919952,2.0008004803363615E-07,0.9999985994396638,2.0008004803363615E-07,2.0008004803363615E-07,2.0008004803363615E-07,2.0008004803363615E-07,2.0008004803363615E-07,2.0008004803363615E-07,2.0008004803363615E-07,2.0008004803363615E-07,0.999999799919952,2.0008004803363615E-07,0.999999799919952,2.0008004803363615E-07,0.999999799919952,2.0008004803363615E-07,0.999999799919952,2.0008004803363615E-07,0.999999799919952,2.0008004803363615E-07,0.999999799919952,2.0008004803363615E-07,0.999999799919952,2.0008004803363615E-07,0.999999799919952,2.0008004803363615E-07,0.999999799919952,2.0008004803363615E-07,0.999999799919952,2.0008004803363615E-07,0.999999799919952,2.0008004803363615E-07,0.999999799919952,2.0008004803363615E-07,0.999999799919952,2.0008004803363615E-07,0.999999799919952,2.0008004803363615E-07,0.999999799919952,2.0008004803363615E-07,0.999999799919952,2.0008004803363615E-07,0.999999799919952,2.0008004803363615E-07,0.999999799919952,2.0008004803363615E-07,0.999999799919952,2.0008004803363615E-07,0.999999799919952,2.0008004803363615E-07,0.999999799919952,2.0008004803363615E-07,0.999999799919952,2.0008004803363615E-07,0.999999799919952,2.0008004803363615E-07,0.999999799919952,2.0008004803363615E-07,0.999999799919952,2.0008004803363615E-07,0.999999799919952,2.0008004803363615E-07,0.999999799919952,2.0008004803363615E-07,0.999999799919952,0.999999799919952,2.0008004803363615E-07,0.9999985994396638,2.0008004803363615E-07,2.0008004803363615E-07,2.0008004803363615E-07,2.0008004803363615E-07,2.0008004803363615E-07,2.0008004803363615E-07,2.0008004803363615E-07,2.0008004803363615E-07,0.999999799919952,2.0008004803363615E-07,0.999999799919952,2.0008004803363615E-07,0.999999799919952,2.0008004803363615E-07,0.999999799919952,2.0008004803363615E-07,0.999999799919952,2.0008004803363615E-07,0.999999799919952,2.0008004803363615E-07,0.999999799919952,2.0008004803363615E-07,0.999999799919952,2.0008004803363615E-07,0.999999799919952,2.0008004803363615E-07,0.999999799919952,2.0008004803363615E-07,0.999999799919952,2.0008004803363615E-07,0.999999799919952,2.0008004803363615E-07,0.999999799919952,2.0008004803363615E-07,0.999999799919952,2.0008004803363615E-07,0.999999799919952,2.0008004803363615E-07,0.999999799919952,2.0008004803363615E-07,0.999999799919952,2.0008004803363615E-07,0.999999799919952,2.0008004803363615E-07,0.999999799919952,2.0008004803363615E-07,0.999999799919952,2.0008004803363615E-07,0.999999799919952,2.0008004803363615E-07,0.999999799919952,2.0008004803363615E-07,0.999999799919952,2.0008004803363615E-07,0.999999799919952,2.0008004803363615E-07,0.999999799919952,2.0008004803363615E-07,0.999999799919952,2.0008004803363615E-07,0.999999799919952,2.0008004803363615E-07,0.999999799919952,0.999999799919952,2.0008004803363615E-07,0.9999985994396638,2.0008004803363615E-07,2.0008004803363615E-07,2.0008004803363615E-07,2.0008004803363615E-07,2.0008004803363615E-07,2.0008004803363615E-07,2.0008004803363615E-07,2.0008004803363615E-07,0.999999799919952,2.0008004803363615E-07,0.999999799919952,2.0008004803363615E-07,0.999999799919952,2.0008004803363615E-07,0.999999799919952,2.0008004803363615E-07,0.999999799919952,2.0008004803363615E-07,0.999999799919952,2.0008004803363615E-07,0.999999799919952,2.0008004803363615E-07,0.999999799919952,2.0008004803363615E-07,0.999999799919952,2.0008004803363615E-07,0.999999799919952,2.0008004803363615E-07,0.999999799919952,2.0008004803363615E-07,0.999999799919952,2.0008004803363615E-07,0.999999799919952,2.0008004803363615E-07,0.999999799919952,2.0008004803363615E-07,0.999999799919952,2.0008004803363615E-07,0.999999799919952,2.0008004803363615E-07,0.999999799919952,2.0008004803363615E-07,0.999999799919952,2.0008004803363615E-07,0.999999799919952,2.0008004803363615E-07,0.999999799919952,2.0008004803363615E-07,0.999999799919952,2.0008004803363615E-07,0.999999799919952,2.0008004803363615E-07,0.999999799919952,2.0008004803363615E-07,0.999999799919952,2.0008004803363615E-07,0.999999799919952,2.0008004803363615E-07,0.999999799919952,2.0008004803363615E-07,0.999999799919952,2.0008004803363615E-07,0.999999799919952,0.999999799919952,2.0008004803363615E-07,0.9999985994396638,2.0008004803363615E-07,2.0008004803363615E-07,2.0008004803363615E-07,2.0008004803363615E-07,2.0008004803363615E-07,2.0008004803363615E-07,2.0008004803363615E-07,2.0008004803363615E-07,0.999999799919952,2.0008004803363615E-07,0.999999799919952,2.0008004803363615E-07,0.999999799919952,2.0008004803363615E-07,0.999999799919952,2.0008004803363615E-07,0.999999799919952,2.0008004803363615E-07,0.999999799919952,2.0008004803363615E-07,0.999999799919952,2.0008004803363615E-07,0.999999799919952,2.0008004803363615E-07,0.999999799919952,2.0008004803363615E-07,0.999999799919952,2.0008004803363615E-07,0.999999799919952,2.0008004803363615E-07,0.999999799919952,2.0008004803363615E-07,0.999999799919952,2.0008004803363615E-07,0.999999799919952,2.0008004803363615E-07,0.999999799919952,2.0008004803363615E-07,0.999999799919952,2.0008004803363615E-07,0.999999799919952,2.0008004803363615E-07,0.999999799919952,2.0008004803363615E-07,0.999999799919952,2.0008004803363615E-07,0.999999799919952,2.0008004803363615E-07,0.999999799919952,2.0008004803363615E-07,0.999999799919952,2.0008004803363615E-07,0.999999799919952,2.0008004803363615E-07,0.999999799919952,2.0008004803363615E-07,0.999999799919952,2.0008004803363615E-07,0.999999799919952,2.0008004803363615E-07,0.999999799919952,2.0008004803363615E-07,0.999999799919952,0.999999799919952,2.0008004803363615E-07,2.0008004803363615E-07,2.0008004803363615E-07,2.0008004803363615E-07,2.0008004803363615E-07,2.0008004803363615E-07,0.9999985994396638,2.0008004803363615E-07,2.0008004803363615E-07,0.999999799919952,2.0008004803363615E-07,2.0008004803363615E-07,2.0008004803363615E-07,2.0008004803363615E-07,2.0008004803363615E-07,2.0008004803363615E-07,2.0008004803363615E-07,2.0008004803363615E-07,0.9999985994396638,2.0008004803363615E-07,0.999999799919952,2.0008004803363615E-07,0.999999799919952,2.0008004803363615E-07,0.999999799919952,2.0008004803363615E-07,0.999999799919952,2.0008004803363615E-07,0.999999799919952,2.0008004803363615E-07,0.999999799919952,2.0008004803363615E-07,0.999999799919952,2.0008004803363615E-07,0.999999799919952,2.0008004803363615E-07,0.999999799919952,2.0008004803363615E-07,0.999999799919952,2.0008004803363615E-07,0.999999799919952,2.0008004803363615E-07,0.999999799919952,2.0008004803363615E-07,0.999999799919952,2.0008004803363615E-07,0.999999799919952,2.0008004803363615E-07,0.999999799919952,2.0008004803363615E-07,0.999999799919952,2.0008004803363615E-07,0.999999799919952,2.0008004803363615E-07,0.999999799919952,2.0008004803363615E-07,0.999999799919952,2.0008004803363615E-07,0.999999799919952,2.0008004803363615E-07,0.999999799919952,2.0008004803363615E-07,0.999999799919952,2.0008004803363615E-07,0.999999799919952,2.0008004803363615E-07,0.999999799919952,2.0008004803363615E-07,0.999999799919952,2.0008004803363615E-07,0.999999799919952,2.0008004803363615E-07,0.999999799919952,2.0008004803363615E-07,0.999999799919952,0.999999799919952,2.0008004803363615E-07,2.0008004803363615E-07,2.0008004803363615E-07,2.0008004803363615E-07,0.9999985994396638,2.0008004803363615E-07,2.0008004803363615E-07,2.0008004803363615E-07,2.0008004803363615E-07,2.0008004803363615E-07,0.999999799919952,2.0008004803363615E-07,0.999999799919952,2.0008004803363615E-07,0.999999799919952,2.0008004803363615E-07,0.999999799919952,2.0008004803363615E-07,0.999999799919952,2.0008004803363615E-07,0.999999799919952,2.0008004803363615E-07,0.999999799919952,2.0008004803363615E-07,0.999999799919952,2.0008004803363615E-07,0.999999799919952,2.0008004803363615E-07,0.999999799919952,2.0008004803363615E-07,0.999999799919952,2.0008004803363615E-07,0.999999799919952,2.0008004803363615E-07,0.999999799919952,2.0008004803363615E-07,0.999999799919952,2.0008004803363615E-07,0.999999799919952,2.0008004803363615E-07,0.999999799919952,2.0008004803363615E-07,0.999999799919952,2.0008004803363615E-07,0.999999799919952,2.0008004803363615E-07,0.999999799919952,2.0008004803363615E-07,0.999999799919952,2.0008004803363615E-07,0.999999799919952,2.0008004803363615E-07,0.999999799919952,2.0008004803363615E-07,0.999999799919952,2.0008004803363615E-07,0.999999799919952,2.0008004803363615E-07,0.999999799919952,2.0008004803363615E-07,0.999999799919952,2.0008004803363615E-07,0.999999799919952,2.0008004803363615E-07,0.999999799919952,0.999999799919952,2.0008004803363615E-07,2.0008004803363615E-07,2.0008004803363615E-07,0.9999985994396638,2.0008004803363615E-07,2.0008004803363615E-07,2.0008004803363615E-07,2.0008004803363615E-07,2.0008004803363615E-07,2.0008004803363615E-07,0.999999799919952,2.0008004803363615E-07,0.999999799919952,2.0008004803363615E-07,0.999999799919952,2.0008004803363615E-07,0.999999799919952,2.0008004803363615E-07,0.999999799919952,2.0008004803363615E-07,0.999999799919952,2.0008004803363615E-07,0.999999799919952,2.0008004803363615E-07,0.999999799919952,2.0008004803363615E-07,0.999999799919952,2.0008004803363615E-07,0.999999799919952,2.0008004803363615E-07,0.999999799919952,2.0008004803363615E-07,0.999999799919952,2.0008004803363615E-07,0.999999799919952,2.0008004803363615E-07,0.999999799919952,2.0008004803363615E-07,0.999999799919952,2.0008004803363615E-07,0.999999799919952,2.0008004803363615E-07,0.999999799919952,2.0008004803363615E-07,0.999999799919952,2.0008004803363615E-07,0.999999799919952,2.0008004803363615E-07,0.999999799919952,2.0008004803363615E-07,0.999999799919952,2.0008004803363615E-07,0.999999799919952,2.0008004803363615E-07,0.999999799919952,2.0008004803363615E-07,0.999999799919952,2.0008004803363615E-07,0.999999799919952,2.0008004803363615E-07,0.999999799919952,2.0008004803363615E-07,0.999999799919952,2.0008004803363615E-07,0.999999799919952,0.999999799919952,2.0008004803363615E-07,0.9999985994396638,2.0008004803363615E-07,2.0008004803363615E-07,2.0008004803363615E-07,2.0008004803363615E-07,2.0008004803363615E-07,2.0008004803363615E-07,2.0008004803363615E-07,2.0008004803363615E-07,0.999999799919952,2.0008004803363615E-07,0.999999799919952,2.0008004803363615E-07,0.999999799919952,2.0008004803363615E-07,0.999999799919952,2.0008004803363615E-07,0.999999799919952,2.0008004803363615E-07,0.999999799919952,2.0008004803363615E-07,0.999999799919952,2.0008004803363615E-07,0.999999799919952,2.0008004803363615E-07,0.999999799919952,2.0008004803363615E-07,0.999999799919952,2.0008004803363615E-07,0.999999799919952,2.0008004803363615E-07,0.999999799919952,2.0008004803363615E-07,0.999999799919952,2.0008004803363615E-07,0.999999799919952,2.0008004803363615E-07,0.999999799919952,2.0008004803363615E-07,0.999999799919952,2.0008004803363615E-07,0.999999799919952,2.0008004803363615E-07,0.999999799919952,2.0008004803363615E-07,0.999999799919952,2.0008004803363615E-07,0.999999799919952,2.0008004803363615E-07,0.999999799919952,2.0008004803363615E-07,0.999999799919952,2.0008004803363615E-07,0.999999799919952,2.0008004803363615E-07,0.999999799919952,2.0008004803363615E-07,0.999999799919952,2.0008004803363615E-07,0.999999799919952,2.0008004803363615E-07,0.999999799919952,2.0008004803363615E-07,0.999999799919952,0.999999799919952,2.0008004803363615E-07,0.9999985994396638,2.0008004803363615E-07,2.0008004803363615E-07,2.0008004803363615E-07,2.0008004803363615E-07,2.0008004803363615E-07,2.0008004803363615E-07,2.0008004803363615E-07,2.0008004803363615E-07,0.999999799919952,2.0008004803363615E-07,0.999999799919952,2.0008004803363615E-07,0.999999799919952,2.0008004803363615E-07,0.999999799919952,2.0008004803363615E-07,0.999999799919952,2.0008004803363615E-07,0.999999799919952,2.0008004803363615E-07,0.999999799919952,2.0008004803363615E-07,0.999999799919952,2.0008004803363615E-07,0.999999799919952,2.0008004803363615E-07,0.999999799919952,2.0008004803363615E-07,0.999999799919952,2.0008004803363615E-07,0.999999799919952,2.0008004803363615E-07,0.999999799919952,2.0008004803363615E-07,0.999999799919952,2.0008004803363615E-07,0.999999799919952,2.0008004803363615E-07,0.999999799919952,2.0008004803363615E-07,0.999999799919952,2.0008004803363615E-07,0.999999799919952,2.0008004803363615E-07,0.999999799919952,2.0008004803363615E-07,0.999999799919952,2.0008004803363615E-07,0.999999799919952,2.0008004803363615E-07,0.999999799919952,2.0008004803363615E-07,0.999999799919952,2.0008004803363615E-07,0.999999799919952,2.0008004803363615E-07,0.999999799919952,2.0008004803363615E-07,0.999999799919952,2.0008004803363615E-07,0.999999799919952,2.0008004803363615E-07,0.999999799919952,0.999999799919952,2.0008004803363615E-07,0.9999985994396638,2.0008004803363615E-07,2.0008004803363615E-07,2.0008004803363615E-07,2.0008004803363615E-07,2.0008004803363615E-07,2.0008004803363615E-07,2.0008004803363615E-07,2.0008004803363615E-07,0.999999799919952,2.0008004803363615E-07,0.999999799919952,2.0008004803363615E-07,0.999999799919952,2.0008004803363615E-07,0.999999799919952,2.0008004803363615E-07,0.999999799919952,2.0008004803363615E-07,0.999999799919952,2.0008004803363615E-07,0.999999799919952,2.0008004803363615E-07,0.999999799919952,2.0008004803363615E-07,0.999999799919952,2.0008004803363615E-07,0.999999799919952,2.0008004803363615E-07,0.999999799919952,2.0008004803363615E-07,0.999999799919952,2.0008004803363615E-07,0.999999799919952,2.0008004803363615E-07,0.999999799919952,2.0008004803363615E-07,0.999999799919952,2.0008004803363615E-07,0.999999799919952,2.0008004803363615E-07,0.999999799919952,2.0008004803363615E-07,0.999999799919952,2.0008004803363615E-07,0.999999799919952,2.0008004803363615E-07,0.999999799919952,2.0008004803363615E-07,0.999999799919952,2.0008004803363615E-07,0.999999799919952,2.0008004803363615E-07,0.999999799919952,2.0008004803363615E-07,0.999999799919952,2.0008004803363615E-07,0.999999799919952,2.0008004803363615E-07,0.999999799919952,2.0008004803363615E-07,0.999999799919952,2.0008004803363615E-07,0.999999799919952,0.999999799919952,2.0008004803363615E-07,0.9999985994396638,2.0008004803363615E-07,2.0008004803363615E-07,2.0008004803363615E-07,2.0008004803363615E-07,2.0008004803363615E-07,2.0008004803363615E-07,2.0008004803363615E-07,2.0008004803363615E-07,0.999999799919952,2.0008004803363615E-07,0.999999799919952,2.0008004803363615E-07,0.999999799919952,2.0008004803363615E-07,0.999999799919952,2.0008004803363615E-07,0.999999799919952,2.0008004803363615E-07,0.999999799919952,2.0008004803363615E-07,0.999999799919952,2.0008004803363615E-07,0.999999799919952,2.0008004803363615E-07,0.999999799919952,2.0008004803363615E-07,0.999999799919952,2.0008004803363615E-07,0.999999799919952,2.0008004803363615E-07,0.999999799919952,2.0008004803363615E-07,0.999999799919952,2.0008004803363615E-07,0.999999799919952,2.0008004803363615E-07,0.999999799919952,2.0008004803363615E-07,0.999999799919952,2.0008004803363615E-07,0.999999799919952,2.0008004803363615E-07,0.999999799919952,2.0008004803363615E-07,0.999999799919952,2.0008004803363615E-07,0.999999799919952,2.0008004803363615E-07,0.999999799919952,2.0008004803363615E-07,0.999999799919952,2.0008004803363615E-07,0.999999799919952,2.0008004803363615E-07,0.999999799919952,2.0008004803363615E-07,0.999999799919952,2.0008004803363615E-07,0.999999799919952,2.0008004803363615E-07,0.999999799919952,2.0008004803363615E-07,0.999999799919952,0.999999799919952,2.0008004803363615E-07,0.9999985994396638,2.0008004803363615E-07,2.0008004803363615E-07,2.0008004803363615E-07,2.0008004803363615E-07,2.0008004803363615E-07,2.0008004803363615E-07,2.0008004803363615E-07,2.0008004803363615E-07,0.999999799919952,2.0008004803363615E-07,0.999999799919952,2.0008004803363615E-07,0.999999799919952,2.0008004803363615E-07,0.999999799919952,2.0008004803363615E-07,0.999999799919952,2.0008004803363615E-07,0.999999799919952,2.0008004803363615E-07,0.999999799919952,2.0008004803363615E-07,0.999999799919952,2.0008004803363615E-07,0.999999799919952,2.0008004803363615E-07,0.999999799919952,2.0008004803363615E-07,0.999999799919952,2.0008004803363615E-07,0.999999799919952,2.0008004803363615E-07,0.999999799919952,2.0008004803363615E-07,0.999999799919952,2.0008004803363615E-07,0.999999799919952,2.0008004803363615E-07,0.999999799919952,2.0008004803363615E-07,0.999999799919952,2.0008004803363615E-07,0.999999799919952,2.0008004803363615E-07,0.999999799919952,2.0008004803363615E-07,0.999999799919952,2.0008004803363615E-07,0.999999799919952,2.0008004803363615E-07,0.999999799919952,2.0008004803363615E-07,0.999999799919952,2.0008004803363615E-07,0.999999799919952,2.0008004803363615E-07,0.999999799919952,2.0008004803363615E-07,0.999999799919952,2.0008004803363615E-07,0.999999799919952,2.0008004803363615E-07,0.999999799919952,0.999999799919952,2.0008004803363615E-07,2.0008004803363615E-07,2.0008004803363615E-07,2.0008004803363615E-07,2.0008004803363615E-07,2.0008004803363615E-07,0.9999985994396638,2.0008004803363615E-07,2.0008004803363615E-07,0.999999799919952,2.0008004803363615E-07,2.0008004803363615E-07,2.0008004803363615E-07,2.0008004803363615E-07,2.0008004803363615E-07,2.0008004803363615E-07,2.0008004803363615E-07,2.0008004803363615E-07,0.9999985994396638,0.999999799919952,2.0008004803363615E-07,0.999999799919952,2.0008004803363615E-07,0.999999799919952,2.0008004803363615E-07,0.999999799919952,2.0008004803363615E-07,0.999999799919952,2.0008004803363615E-07,0.999999799919952,2.0008004803363615E-07,0.999999799919952,2.0008004803363615E-07,0.999999799919952,2.0008004803363615E-07,0.999999799919952,2.0008004803363615E-07,0.999999799919952,2.0008004803363615E-07,0.999999799919952,2.0008004803363615E-07,0.999999799919952,2.0008004803363615E-07,0.999999799919952,2.0008004803363615E-07,0.999999799919952,2.0008004803363615E-07,0.999999799919952,2.0008004803363615E-07,0.999999799919952,2.0008004803363615E-07,0.999999799919952,2.0008004803363615E-07,0.999999799919952,2.0008004803363615E-07,0.999999799919952,2.0008004803363615E-07,0.999999799919952,2.0008004803363615E-07,0.999999799919952,2.0008004803363615E-07,0.999999799919952,2.0008004803363615E-07,0.999999799919952,2.0008004803363615E-07,0.999999799919952,2.0008004803363615E-07,0.999999799919952,2.0008004803363615E-07,0.999999799919952,2.0008004803363615E-07,0.999999799919952,2.0008004803363615E-07,0.999999799919952,2.0008004803363615E-07,0.999999799919952,2.0008004803363615E-07,2.0008004803363615E-07,2.0008004803363615E-07,2.0008004803363615E-07,0.8375105643190268,0.16248823520068514,2.0008004803363615E-07,2.0008004803363615E-07,2.0008004803363615E-07,2.0008004803363615E-07,0.999999799919952,2.0008004803363615E-07,0.999999799919952,2.0008004803363615E-07,0.999999799919952,2.0008004803363615E-07,0.999999799919952,2.0008004803363615E-07,0.999999799919952,2.0008004803363615E-07,0.999999799919952,2.0008004803363615E-07,0.999999799919952,2.0008004803363615E-07,0.999999799919952,2.0008004803363615E-07,0.999999799919952,2.0008004803363615E-07,0.999999799919952,2.0008004803363615E-07,0.999999799919952,2.0008004803363615E-07,0.999999799919952,2.0008004803363615E-07,0.999999799919952,2.0008004803363615E-07,0.999999799919952,2.0008004803363615E-07,0.999999799919952,2.0008004803363615E-07,0.999999799919952,2.0008004803363615E-07,0.999999799919952,2.0008004803363615E-07,0.999999799919952,2.0008004803363615E-07,0.999999799919952,2.0008004803363615E-07,0.999999799919952,2.0008004803363615E-07,0.999999799919952,2.0008004803363615E-07,0.999999799919952,2.0008004803363615E-07,0.999999799919952,2.0008004803363615E-07,0.999999799919952,2.0008004803363615E-07,0.999999799919952,2.0008004803363615E-07,0.999999799919952,2.0008004803363615E-07,0.999999799919952,2.0008004803363615E-07,0.999999799919952,0.999999799919952,2.0008004803363615E-07,2.0008004803363615E-07,2.0008004803363615E-07,0.25703648124582357,0.7429623182738884,2.0008004803363615E-07,2.0008004803363615E-07,2.0008004803363615E-07,2.0008004803363615E-07,2.0008004803363615E-07,0.999999799919952,2.0008004803363615E-07,0.999999799919952,2.0008004803363615E-07,0.999999799919952,2.0008004803363615E-07,0.999999799919952,2.0008004803363615E-07,0.999999799919952,2.0008004803363615E-07,0.999999799919952,2.0008004803363615E-07,0.999999799919952,2.0008004803363615E-07,0.999999799919952,2.0008004803363615E-07,0.999999799919952,2.0008004803363615E-07,0.999999799919952,2.0008004803363615E-07,0.999999799919952,2.0008004803363615E-07,0.999999799919952,2.0008004803363615E-07,0.999999799919952,2.0008004803363615E-07,0.999999799919952,2.0008004803363615E-07,0.999999799919952,2.0008004803363615E-07,0.999999799919952,2.0008004803363615E-07,0.999999799919952,2.0008004803363615E-07,0.999999799919952,2.0008004803363615E-07,0.999999799919952,2.0008004803363615E-07,0.999999799919952,2.0008004803363615E-07,0.999999799919952,2.0008004803363615E-07,0.999999799919952,2.0008004803363615E-07,0.999999799919952,2.0008004803363615E-07,0.999999799919952,2.0008004803363615E-07,0.999999799919952,2.0008004803363615E-07,0.999999799919952,2.0008004803363615E-07,0.999999799919952,2.0008004803363615E-07,0.999999799919952,0.999999799919952,2.0008004803363615E-07,0.9999985994396638,2.0008004803363615E-07,2.0008004803363615E-07,2.0008004803363615E-07,2.0008004803363615E-07,2.0008004803363615E-07,2.0008004803363615E-07,2.0008004803363615E-07,2.0008004803363615E-07,0.999999799919952,2.0008004803363615E-07,0.999999799919952,2.0008004803363615E-07,0.999999799919952,2.0008004803363615E-07,0.999999799919952,2.0008004803363615E-07,0.999999799919952,2.0008004803363615E-07,0.999999799919952,2.0008004803363615E-07,0.999999799919952,2.0008004803363615E-07,0.999999799919952,2.0008004803363615E-07,0.999999799919952,2.0008004803363615E-07,0.999999799919952,2.0008004803363615E-07,0.999999799919952,2.0008004803363615E-07,0.999999799919952,2.0008004803363615E-07,0.999999799919952,2.0008004803363615E-07,0.999999799919952,2.0008004803363615E-07,0.999999799919952,2.0008004803363615E-07,0.999999799919952,2.0008004803363615E-07,0.999999799919952,2.0008004803363615E-07,0.999999799919952,2.0008004803363615E-07,0.999999799919952,2.0008004803363615E-07,0.999999799919952,2.0008004803363615E-07,0.999999799919952,2.0008004803363615E-07,0.999999799919952,2.0008004803363615E-07,0.999999799919952,2.0008004803363615E-07,0.999999799919952,2.0008004803363615E-07,0.999999799919952,2.0008004803363615E-07,0.999999799919952,2.0008004803363615E-07,0.999999799919952,2.0008004803363615E-07,0.999999799919952,0.999999799919952,2.0008004803363615E-07,0.9999985994396638,2.0008004803363615E-07,2.0008004803363615E-07,2.0008004803363615E-07,2.0008004803363615E-07,2.0008004803363615E-07,2.0008004803363615E-07,2.0008004803363615E-07,2.0008004803363615E-07,0.999999799919952,2.0008004803363615E-07,0.999999799919952,2.0008004803363615E-07,0.999999799919952,2.0008004803363615E-07,0.999999799919952,2.0008004803363615E-07,0.999999799919952,2.0008004803363615E-07,0.999999799919952,2.0008004803363615E-07,0.999999799919952,2.0008004803363615E-07,0.999999799919952,2.0008004803363615E-07,0.999999799919952,2.0008004803363615E-07,0.999999799919952,2.0008004803363615E-07,0.999999799919952,2.0008004803363615E-07,0.999999799919952,2.0008004803363615E-07,0.999999799919952,2.0008004803363615E-07,0.999999799919952,2.0008004803363615E-07,0.999999799919952,2.0008004803363615E-07,0.999999799919952,2.0008004803363615E-07,0.999999799919952,2.0008004803363615E-07,0.999999799919952,2.0008004803363615E-07,0.999999799919952,2.0008004803363615E-07,0.999999799919952,2.0008004803363615E-07,0.999999799919952,2.0008004803363615E-07,0.999999799919952,2.0008004803363615E-07,0.999999799919952,2.0008004803363615E-07,0.999999799919952,2.0008004803363615E-07,0.999999799919952,2.0008004803363615E-07,0.999999799919952,2.0008004803363615E-07,0.999999799919952,2.0008004803363615E-07,0.999999799919952,0.999999799919952,2.0008004803363615E-07,0.9999985994396638,2.0008004803363615E-07,2.0008004803363615E-07,2.0008004803363615E-07,2.0008004803363615E-07,2.0008004803363615E-07,2.0008004803363615E-07,2.0008004803363615E-07,2.0008004803363615E-07,0.999999799919952,2.0008004803363615E-07,0.999999799919952,2.0008004803363615E-07,0.999999799919952,2.0008004803363615E-07,0.999999799919952,2.0008004803363615E-07,0.999999799919952,2.0008004803363615E-07,0.999999799919952,2.0008004803363615E-07,0.999999799919952,2.0008004803363615E-07,0.999999799919952,2.0008004803363615E-07,0.999999799919952,2.0008004803363615E-07,0.999999799919952,2.0008004803363615E-07,0.999999799919952,2.0008004803363615E-07,0.999999799919952,2.0008004803363615E-07,0.999999799919952,2.0008004803363615E-07,0.999999799919952,2.0008004803363615E-07,0.999999799919952,2.0008004803363615E-07,0.999999799919952,2.0008004803363615E-07,0.999999799919952,2.0008004803363615E-07,0.999999799919952,2.0008004803363615E-07,0.999999799919952,2.0008004803363615E-07,0.999999799919952,2.0008004803363615E-07,0.999999799919952,2.0008004803363615E-07,0.999999799919952,2.0008004803363615E-07,0.999999799919952,2.0008004803363615E-07,0.999999799919952,2.0008004803363615E-07,0.999999799919952,2.0008004803363615E-07,0.999999799919952,2.0008004803363615E-07,0.999999799919952,2.0008004803363615E-07,0.999999799919952,0.999999799919952,2.0008004803363615E-07,0.9999985994396638,2.0008004803363615E-07,2.0008004803363615E-07,2.0008004803363615E-07,2.0008004803363615E-07,2.0008004803363615E-07,2.0008004803363615E-07,2.0008004803363615E-07,2.0008004803363615E-07,0.999999799919952,2.0008004803363615E-07,0.999999799919952,2.0008004803363615E-07,0.999999799919952,2.0008004803363615E-07,0.999999799919952,2.0008004803363615E-07,0.999999799919952,2.0008004803363615E-07,0.999999799919952,2.0008004803363615E-07,0.999999799919952,2.0008004803363615E-07,0.999999799919952,2.0008004803363615E-07,0.999999799919952,2.0008004803363615E-07,0.999999799919952,2.0008004803363615E-07,0.999999799919952,2.0008004803363615E-07,0.999999799919952,2.0008004803363615E-07,0.999999799919952,2.0008004803363615E-07,0.999999799919952,2.0008004803363615E-07,0.999999799919952,2.0008004803363615E-07,0.999999799919952,2.0008004803363615E-07,0.999999799919952,2.0008004803363615E-07,0.999999799919952,2.0008004803363615E-07,0.999999799919952,2.0008004803363615E-07,0.999999799919952,2.0008004803363615E-07,0.999999799919952,2.0008004803363615E-07,0.999999799919952,2.0008004803363615E-07,0.999999799919952,2.0008004803363615E-07,0.999999799919952,2.0008004803363615E-07,0.999999799919952,2.0008004803363615E-07,0.999999799919952,2.0008004803363615E-07,0.999999799919952,2.0008004803363615E-07,0.999999799919952,0.999999799919952,2.0008004803363615E-07,0.9999985994396638,2.0008004803363615E-07,2.0008004803363615E-07,2.0008004803363615E-07,2.0008004803363615E-07,2.0008004803363615E-07,2.0008004803363615E-07,2.0008004803363615E-07,2.0008004803363615E-07,0.999999799919952,2.0008004803363615E-07,0.999999799919952,2.0008004803363615E-07,0.999999799919952,2.0008004803363615E-07,0.999999799919952,2.0008004803363615E-07,0.999999799919952,2.0008004803363615E-07,0.999999799919952,2.0008004803363615E-07,0.999999799919952,2.0008004803363615E-07,0.999999799919952,2.0008004803363615E-07,0.999999799919952,2.0008004803363615E-07,0.999999799919952,2.0008004803363615E-07,0.999999799919952,2.0008004803363615E-07,0.999999799919952,2.0008004803363615E-07,0.999999799919952,2.0008004803363615E-07,0.999999799919952,2.0008004803363615E-07,0.999999799919952,2.0008004803363615E-07,0.999999799919952,2.0008004803363615E-07,0.999999799919952,2.0008004803363615E-07,0.999999799919952,2.0008004803363615E-07,0.999999799919952,2.0008004803363615E-07,0.999999799919952,2.0008004803363615E-07,0.999999799919952,2.0008004803363615E-07,0.999999799919952,2.0008004803363615E-07,0.999999799919952,2.0008004803363615E-07,0.999999799919952,2.0008004803363615E-07,0.999999799919952,2.0008004803363615E-07,0.999999799919952,2.0008004803363615E-07,0.999999799919952,2.0008004803363615E-07,0.999999799919952,0.999999799919952,2.0008004803363615E-07,2.0008004803363615E-07,2.0008004803363615E-07,2.0008004803363615E-07,2.0008004803363615E-07,2.0008004803363615E-07,0.16055982277365313,0.8394389767460587,2.0008004803363615E-07,0.999999799919952,2.0008004803363615E-07,2.0008004803363615E-07,2.0008004803363615E-07,2.0008004803363615E-07,2.0008004803363615E-07,2.0008004803363615E-07,2.0008004803363615E-07,2.0008004803363615E-07,0.9999985994396638,0.999999799919952,2.0008004803363615E-07,0.999999799919952,2.0008004803363615E-07,0.999999799919952,2.0008004803363615E-07,0.999999799919952,2.0008004803363615E-07,0.999999799919952,2.0008004803363615E-07,0.999999799919952,2.0008004803363615E-07,0.999999799919952,2.0008004803363615E-07,0.999999799919952,2.0008004803363615E-07,0.999999799919952,2.0008004803363615E-07,0.999999799919952,2.0008004803363615E-07,0.999999799919952,2.0008004803363615E-07,0.999999799919952,2.0008004803363615E-07,0.999999799919952,2.0008004803363615E-07,0.999999799919952,2.0008004803363615E-07,0.999999799919952,2.0008004803363615E-07,0.999999799919952,2.0008004803363615E-07,0.999999799919952,2.0008004803363615E-07,0.999999799919952,2.0008004803363615E-07,0.999999799919952,2.0008004803363615E-07,0.999999799919952,2.0008004803363615E-07,0.999999799919952,2.0008004803363615E-07,0.999999799919952,2.0008004803363615E-07,0.999999799919952,2.0008004803363615E-07,0.999999799919952,2.0008004803363615E-07,0.999999799919952,2.0008004803363615E-07,0.999999799919952,2.0008004803363615E-07,0.999999799919952,2.0008004803363615E-07,0.999999799919952,2.0008004803363615E-07,0.999999799919952,2.0008004803363615E-07,2.0008004803363615E-07,2.0008004803363615E-07,2.0008004803363615E-07,2.0008004803363615E-07,2.0008004803363615E-07,2.0008004803363615E-07,2.0008004803363615E-07,0.9999985994396638,2.0008004803363615E-07,0.999999799919952,2.0008004803363615E-07,0.999999799919952,2.0008004803363615E-07,0.999999799919952,2.0008004803363615E-07,0.999999799919952,2.0008004803363615E-07,0.999999799919952,2.0008004803363615E-07,0.999999799919952,2.0008004803363615E-07,0.999999799919952,2.0008004803363615E-07,0.999999799919952,2.0008004803363615E-07,0.999999799919952,2.0008004803363615E-07,0.999999799919952,2.0008004803363615E-07,0.999999799919952,2.0008004803363615E-07,0.999999799919952,2.0008004803363615E-07,0.999999799919952,2.0008004803363615E-07,0.999999799919952,2.0008004803363615E-07,0.999999799919952,2.0008004803363615E-07,0.999999799919952,2.0008004803363615E-07,0.999999799919952,2.0008004803363615E-07,0.999999799919952,2.0008004803363615E-07,0.999999799919952,2.0008004803363615E-07,0.999999799919952,2.0008004803363615E-07,0.999999799919952,2.0008004803363615E-07,0.999999799919952,2.0008004803363615E-07,0.999999799919952,2.0008004803363615E-07,0.999999799919952,2.0008004803363615E-07,0.999999799919952,2.0008004803363615E-07,0.999999799919952,2.0008004803363615E-07,0.999999799919952,2.0008004803363615E-07,0.999999799919952,0.999999799919952,2.0008004803363615E-07,2.0008004803363615E-07,0.17252973335322142,0.3701528721131505,0.457316394133388,2.0008004803363615E-07,2.0008004803363615E-07,2.0008004803363615E-07,2.0008004803363615E-07,2.0008004803363615E-07,0.999999799919952,2.0008004803363615E-07,0.999999799919952,2.0008004803363615E-07,0.999999799919952,2.0008004803363615E-07,0.999999799919952,2.0008004803363615E-07,0.999999799919952,2.0008004803363615E-07,0.999999799919952,2.0008004803363615E-07,0.999999799919952,2.0008004803363615E-07,0.999999799919952,2.0008004803363615E-07,0.999999799919952,2.0008004803363615E-07,0.999999799919952,2.0008004803363615E-07,0.999999799919952,2.0008004803363615E-07,0.999999799919952,2.0008004803363615E-07,0.999999799919952,2.0008004803363615E-07,0.999999799919952,2.0008004803363615E-07,0.999999799919952,2.0008004803363615E-07,0.999999799919952,2.0008004803363615E-07,0.999999799919952,2.0008004803363615E-07,0.999999799919952,2.0008004803363615E-07,0.999999799919952,2.0008004803363615E-07,0.999999799919952,2.0008004803363615E-07,0.999999799919952,2.0008004803363615E-07,0.999999799919952,2.0008004803363615E-07,0.999999799919952,2.0008004803363615E-07,0.999999799919952,2.0008004803363615E-07,0.999999799919952,2.0008004803363615E-07,0.999999799919952,2.0008004803363615E-07,0.999999799919952,2.0008004803363615E-07,0.999999799919952,0.999999799919952,2.0008004803363615E-07,2.0008004803363615E-07,2.0008004803363615E-07,2.0008004803363615E-07,0.38530864377112933,0.6146901557485825,2.0008004803363615E-07,2.0008004803363615E-07,2.0008004803363615E-07,2.0008004803363615E-07,0.999999799919952,2.0008004803363615E-07,0.999999799919952,2.0008004803363615E-07,0.999999799919952,2.0008004803363615E-07,0.999999799919952,2.0008004803363615E-07,0.999999799919952,2.0008004803363615E-07,0.999999799919952,2.0008004803363615E-07,0.999999799919952,2.0008004803363615E-07,0.999999799919952,2.0008004803363615E-07,0.999999799919952,2.0008004803363615E-07,0.999999799919952,2.0008004803363615E-07,0.999999799919952,2.0008004803363615E-07,0.999999799919952,2.0008004803363615E-07,0.999999799919952,2.0008004803363615E-07,0.999999799919952,2.0008004803363615E-07,0.999999799919952,2.0008004803363615E-07,0.999999799919952,2.0008004803363615E-07,0.999999799919952,2.0008004803363615E-07,0.999999799919952,2.0008004803363615E-07,0.999999799919952,2.0008004803363615E-07,0.999999799919952,2.0008004803363615E-07,0.999999799919952,2.0008004803363615E-07,0.999999799919952,2.0008004803363615E-07,0.999999799919952,2.0008004803363615E-07,0.999999799919952,2.0008004803363615E-07,0.999999799919952,2.0008004803363615E-07,0.999999799919952,2.0008004803363615E-07,0.999999799919952,2.0008004803363615E-07,0.999999799919952,0.999999799919952,2.0008004803363615E-07,0.9999985994396638,2.0008004803363615E-07,2.0008004803363615E-07,2.0008004803363615E-07,2.0008004803363615E-07,2.0008004803363615E-07,2.0008004803363615E-07,2.0008004803363615E-07,2.0008004803363615E-07,0.999999799919952,2.0008004803363615E-07,0.999999799919952,2.0008004803363615E-07,0.999999799919952,2.0008004803363615E-07,0.999999799919952,2.0008004803363615E-07,0.999999799919952,2.0008004803363615E-07,0.999999799919952,2.0008004803363615E-07,0.999999799919952,2.0008004803363615E-07,0.999999799919952,2.0008004803363615E-07,0.999999799919952,2.0008004803363615E-07,0.999999799919952,2.0008004803363615E-07,0.999999799919952,2.0008004803363615E-07,0.999999799919952,2.0008004803363615E-07,0.999999799919952,2.0008004803363615E-07,0.999999799919952,2.0008004803363615E-07,0.999999799919952,2.0008004803363615E-07,0.999999799919952,2.0008004803363615E-07,0.999999799919952,2.0008004803363615E-07,0.999999799919952,2.0008004803363615E-07,0.999999799919952,2.0008004803363615E-07,0.999999799919952,2.0008004803363615E-07,0.999999799919952,2.0008004803363615E-07,0.999999799919952,2.0008004803363615E-07,0.999999799919952,2.0008004803363615E-07,0.999999799919952,2.0008004803363615E-07,0.999999799919952,2.0008004803363615E-07,0.999999799919952,2.0008004803363615E-07,0.999999799919952,2.0008004803363615E-07,0.999999799919952,0.999999799919952,2.0008004803363615E-07,0.9999985994396638,2.0008004803363615E-07,2.0008004803363615E-07,2.0008004803363615E-07,2.0008004803363615E-07,2.0008004803363615E-07,2.0008004803363615E-07,2.0008004803363615E-07,2.0008004803363615E-07,0.999999799919952,2.0008004803363615E-07,0.999999799919952,2.0008004803363615E-07,0.999999799919952,2.0008004803363615E-07,0.999999799919952,2.0008004803363615E-07,0.999999799919952,2.0008004803363615E-07,0.999999799919952,2.0008004803363615E-07,0.999999799919952,2.0008004803363615E-07,0.999999799919952,2.0008004803363615E-07,0.999999799919952,2.0008004803363615E-07,0.999999799919952,2.0008004803363615E-07,0.999999799919952,2.0008004803363615E-07,0.999999799919952,2.0008004803363615E-07,0.999999799919952,2.0008004803363615E-07,0.999999799919952,2.0008004803363615E-07,0.999999799919952,2.0008004803363615E-07,0.999999799919952,2.0008004803363615E-07,0.999999799919952,2.0008004803363615E-07,0.999999799919952,2.0008004803363615E-07,0.999999799919952,2.0008004803363615E-07,0.999999799919952,2.0008004803363615E-07,0.999999799919952,2.0008004803363615E-07,0.999999799919952,2.0008004803363615E-07,0.999999799919952,2.0008004803363615E-07,0.999999799919952,2.0008004803363615E-07,0.999999799919952,2.0008004803363615E-07,0.999999799919952,2.0008004803363615E-07,0.999999799919952,2.0008004803363615E-07,0.999999799919952,0.999999799919952,2.0008004803363615E-07,0.9999985994396638,2.0008004803363615E-07,2.0008004803363615E-07,2.0008004803363615E-07,2.0008004803363615E-07,2.0008004803363615E-07,2.0008004803363615E-07,2.0008004803363615E-07,2.0008004803363615E-07,0.999999799919952,2.0008004803363615E-07,0.999999799919952,2.0008004803363615E-07,0.999999799919952,2.0008004803363615E-07,0.999999799919952,2.0008004803363615E-07,0.999999799919952,2.0008004803363615E-07,0.999999799919952,2.0008004803363615E-07,0.999999799919952,2.0008004803363615E-07,0.999999799919952,2.0008004803363615E-07,0.999999799919952,2.0008004803363615E-07,0.999999799919952,2.0008004803363615E-07,0.999999799919952,2.0008004803363615E-07,0.999999799919952,2.0008004803363615E-07,0.999999799919952,2.0008004803363615E-07,0.999999799919952,2.0008004803363615E-07,0.999999799919952,2.0008004803363615E-07,0.999999799919952,2.0008004803363615E-07,0.999999799919952,2.0008004803363615E-07,0.999999799919952,2.0008004803363615E-07,0.999999799919952,2.0008004803363615E-07,0.999999799919952,2.0008004803363615E-07,0.999999799919952,2.0008004803363615E-07,0.999999799919952,2.0008004803363615E-07,0.999999799919952,2.0008004803363615E-07,0.999999799919952,2.0008004803363615E-07,0.999999799919952,2.0008004803363615E-07,0.999999799919952,2.0008004803363615E-07,0.999999799919952,2.0008004803363615E-07,0.999999799919952,0.999999799919952,2.0008004803363615E-07,0.9999985994396638,2.0008004803363615E-07,2.0008004803363615E-07,2.0008004803363615E-07,2.0008004803363615E-07,2.0008004803363615E-07,2.0008004803363615E-07,2.0008004803363615E-07,2.0008004803363615E-07,0.999999799919952,2.0008004803363615E-07,0.999999799919952,2.0008004803363615E-07,0.999999799919952,2.0008004803363615E-07,0.999999799919952,2.0008004803363615E-07,0.999999799919952,2.0008004803363615E-07,0.999999799919952,2.0008004803363615E-07,0.999999799919952,2.0008004803363615E-07,0.999999799919952,2.0008004803363615E-07,0.999999799919952,2.0008004803363615E-07,0.999999799919952,2.0008004803363615E-07,0.999999799919952,2.0008004803363615E-07,0.999999799919952,2.0008004803363615E-07,0.999999799919952,2.0008004803363615E-07,0.999999799919952,2.0008004803363615E-07,0.999999799919952,2.0008004803363615E-07,0.999999799919952,2.0008004803363615E-07,0.999999799919952,2.0008004803363615E-07,0.999999799919952,2.0008004803363615E-07,0.999999799919952,2.0008004803363615E-07,0.999999799919952,2.0008004803363615E-07,0.999999799919952,2.0008004803363615E-07,0.999999799919952,2.0008004803363615E-07,0.999999799919952,2.0008004803363615E-07,0.999999799919952,2.0008004803363615E-07,0.999999799919952,2.0008004803363615E-07,0.999999799919952,2.0008004803363615E-07,0.999999799919952,2.0008004803363615E-07,0.999999799919952
