"OptionSet","Exploit","Refine","Seconds","Filter","All","NoDispute","DisputeArises","LitigQuality","PFiles","DAnswers","Activity","Accident","WrongAttrib","PrecPower","PrecLevel","BCRatio","PrecPower1","PrecPower2","PrecPower3","PrecPower4","PrecPower5","PrecPower6","PrecPower7","PrecPower8","PBargains1","DBargains1","POffer1","DOffer1","POfferMixedness1","DOfferMixedness1","Settles1","PBet1","DBet1","PBetMixedness1","DBetMixedness1","PAbandons1","DDefaults1","Trial","PWinPct","PWealth","DWealth","TotWealth","WealthLoss","PWelfare","DWelfare","TotExpense","False+","False-","False+-","False+^2","False-^2","PDSWelfareLoss","SWelfareLoss","OpportunityCost","HarmCost","TrulyLiableHarmCost","TrulyNotLiableHarmCost","Chips","Settles","ValIfSettled","PAbandons","DDefaults","BothReadyToGiveUp","TrulyLiable","PrimaryAction","MutualOptimism","PLiabilitySignal1","PLiabilitySignal2","PLiabilitySignal3","PLiabilitySignal4","PLiabilitySignal5","PLiabilitySignal6","PLiabilitySignal7","PLiabilitySignal8","DLiabilitySignal1","DLiabilitySignal2","DLiabilitySignal3","DLiabilitySignal4","DLiabilitySignal5","DLiabilitySignal6","DLiabilitySignal7","DLiabilitySignal8","P Files","D Answers","PDoesntFile","DDoesntAnswer","SettlesBR1","PAbandonsBR1","DDefaultsBR1","P Loses","P Wins"
"MODRA CM 1 CM 2 LT 1.2","2.186E-07","0.9877","369","All",1,0.999897,0.000102687,0.5,2.055E-11,2.05456E-11,1,0.000102687,9.99907E-06,4.5,0.634881,1.00431,0.125001,0.125,0.124999,0.124999,0.124999,0.125,0.125001,0.125001,1,1,0.102257,0.0897293,,,1.7294E-11,,,,,3.25163E-12,4.70048E-24,4.50E-18,0.159665,9.9999,9.99999,19.9999,0.000109036,1000,1000,1.64365E-11,7.071E-12,2.6373E-5,2.63734E-5,3.29283E-12,2.63734E-05,9.9037E-05,9.9037E-05,6.34901E-06,9.2688E-05,2.36771E-05,6.90109E-05,0,1.7294E-11,0.0905387,3.25163E-12,4.70048E-24,7.80273E-24,0.256833,0,0,0.102831,0.127187,0.135106,0.134876,0.134876,0.135106,0.127187,0.102831,0.102831,0.127187,0.135106,0.134876,0.134876,0.135106,0.127187,0.102831,2.0546E-11,2.05456E-11,1,4.11077E-18,1.7294E-11,3.25163E-12,4.70048E-24,3.7799E-18,7.182E-19
"MODRA CM 1 CM 2 LT 1.2","2.186E-07","0.9877","369","NoDispute",0.9999,1,0,0.500001,0,0,1,0,0,4.50001,0.634883,1.00432,0.124999,0.124999,0.125,0.125,0.125,0.125,0.125001,0.125001,1,1,,,,,0,,,,,0,0,0,,10,9.99999,20,6.34903E-06,1000,1000,0,0,0,0,0,0,6.34903E-06,6.34903E-06,6.34903E-06,0,0,0,0,0,,0,0,0,,0,-2.88979E-06,0.102831,0.127186,0.135105,0.134876,0.134876,0.135106,0.127187,0.102832,0.10283,0.127186,0.135105,0.134876,0.134877,0.135106,0.127188,0.102832,0,0,1,0,0,0,0,0,0
"MODRA CM 1 CM 2 LT 1.2","2.186E-07","0.9877","369","DisputeArises",0.0001,0,1,0.489993,2.0008E-7,2.0008E-07,1,1,0.0973742,4.41994,0.608881,0.997096,0.141938,0.130987,0.122075,0.118033,0.1178,0.120449,0.123762,0.124955,1,1,0.102257,0.0897293,,,1.68415E-07,,,,,3.16654E-08,4.57748E-20,4.38E-14,0.159665,9,9.99999,19,1.00001,998.808,1000,1.60064E-07,6.886E-08,0.256833,0.256833,3.20666E-08,0.256833,0.902632,0.902632,6.08881E-06,0.902626,0.230575,0.67205,0,1.68415E-7,0.0905387,3.16654E-08,4.57748E-20,7.59855E-20,0.256833,0,0.0281388,0.108373,0.132923,0.139238,0.136258,0.133233,0.13089,0.121576,0.0975105,0.110153,0.136243,0.144726,0.131697,0.130206,0.129145,0.1207,0.0971291,2.0008E-07,2.0008E-07,1,4.0032E-14,1.68415E-07,3.16654E-08,4.57748E-20,3.6810E-14,6.994E-15
"MODRA CM 1 CM 2 LT 1.2","2.186E-07","0.9877","369","PFiles",2E-11,0,1,0.489993,1,1,1,1,0.0973742,4.41994,0.608881,0.997096,0.141938,0.130987,0.122075,0.118033,0.1178,0.120449,0.123762,0.124955,1,1,0.102257,0.0897293,,,0.841736,,,,,0.158264,2.28782E-13,2.189E-7,0.159665,8.67621,9.52378,18.2,1.80001,997.536,999.7,0.8,0.344162,0.330251,0.674413,0.160269,0.426427,0.902632,1.70263,6.08881E-06,0.902626,0.230575,0.67205,0,0.841736,0.0905387,0.158264,2.28782E-13,3.79775E-13,0.256833,0,0.0281388,0.108373,0.132923,0.139238,0.136258,0.133233,0.13089,0.121576,0.0975105,0.110153,0.136243,0.144726,0.131697,0.130206,0.129145,0.1207,0.0971291,1,1,0,2.0008E-07,0.841736,0.158264,2.28782E-13,1.83977E-7,3.4956E-8
"MODRA CM 1 CM 2 LT 1.2","2.186E-07","0.9877","369","DAnswers",2E-11,0,1,0.489993,1,1,1,1,0.0973742,4.41994,0.608881,0.997096,0.141938,0.130987,0.122075,0.118033,0.1178,0.120449,0.123762,0.124955,1,1,0.102257,0.0897293,,,0.841736,,,,,0.158264,2.28782E-13,2.189E-7,0.159665,8.67621,9.52378,18.2,1.80001,997.536,999.7,0.8,0.344162,0.330251,0.674413,0.160269,0.426427,0.902632,1.70263,6.08881E-06,0.902626,0.230575,0.67205,0,0.841736,0.0905387,0.158264,2.28782E-13,3.79775E-13,0.256833,0,0.0281388,0.108373,0.132923,0.139238,0.136258,0.133233,0.13089,0.121576,0.0975105,0.110153,0.136243,0.144726,0.131697,0.130206,0.129145,0.1207,0.0971291,1,1,0,0,0.841736,0.158264,2.28782E-13,1.83977E-7,3.4956E-8
"MODRA CM 1 CM 2 LT 1.2","2.186E-07","0.9877","369","Litigated",2E-11,0,1,0.489993,1,1,1,1,0.0973742,4.41994,0.608881,0.997096,0.141938,0.130987,0.122075,0.118033,0.1178,0.120449,0.123762,0.124955,1,1,0.102257,0.0897293,,,0.841736,,,,,0.158264,2.28782E-13,2.189E-7,0.159665,8.67621,9.52378,18.2,1.80001,997.536,999.7,0.8,0.344162,0.330251,0.674413,0.160269,0.426427,0.902632,1.70263,6.08881E-06,0.902626,0.230575,0.67205,0,0.841736,0.0905387,0.158264,2.28782E-13,3.79775E-13,0.256833,0,0.0281388,0.108373,0.132923,0.139238,0.136258,0.133233,0.13089,0.121576,0.0975105,0.110153,0.136243,0.144726,0.131697,0.130206,0.129145,0.1207,0.0971291,1,1,0,0,0.841736,0.158264,2.28782E-13,1.83977E-7,3.4956E-8
"MODRA CM 1 CM 2 LT 1.2","2.186E-07","0.9877","369","Not Litigated",1,0.999897,0.000102687,0.5,4.111E-18,0,1,0.000102687,9.99907E-06,4.5,0.634881,1.00431,0.125001,0.125,0.124999,0.124999,0.124999,0.125,0.125001,0.125001,1,1,,,,,0,,,,,0,0,0,,9.9999,9.99999,19.9999,0.000109036,1000,1000,0,0,2.6373E-5,2.63734E-5,0,2.63734E-05,9.9037E-05,9.9037E-05,6.34901E-06,9.2688E-05,2.36771E-05,6.90109E-05,0,0,,0,0,0,0.256833,0,-5.77979E-13,0.102831,0.127187,0.135106,0.134876,0.134876,0.135106,0.127187,0.102831,0.102831,0.127187,0.135106,0.134876,0.134876,0.135106,0.127187,0.102831,4.1108E-18,0,1,4.11078E-18,0,0,0,0,0
"MODRA CM 1 CM 2 LT 1.2","2.186E-07","0.9877","369","Settles",2E-11,0,1,0.444688,1,1,1,1,0.0964727,4.0575,0.535343,0.96428,0.168605,0.155363,0.142851,0.128992,0.10774,0.0909961,0.094651,0.110802,1,1,0.0862286,0.0948489,,,1,,,,,0,0,0,,8.69054,9.50946,18.2,1.80001,997.615,999.686,0.8,0.369674,0.266306,0.63598,0.174724,0.330149,0.903533,1.70353,5.35343E-06,0.903527,0.193121,0.710406,0,1,0.0905387,0,0,0,0.215095,0,-0.263195,0.128749,0.157915,0.165417,0.161877,0.158283,0.0785524,0.0795359,0.0696706,0.130864,0.16186,0.171937,0.118036,0.0921536,0.0663644,0.143394,0.115391,1,1,0,0,1,0,0,0,0
"MODRA CM 1 CM 2 LT 1.2","2.186E-07","0.9877","369","Tried",4E-18,0,1,0.556521,1,1,1,1,0.100725,4.95217,0.998833,1.0277,0.0317957,0.0570249,0.105085,0.183222,0.23313,0.200047,0.125316,0.064379,1,1,0.562073,0.0882846,,,0,,,,,0,0,1,0.159665,8.55966,9.24033,17.8,2.20001,996.241,998.935,1.2,0.612347,0.220831,0.833178,0.489699,0.303389,0.899285,2.09929,9.98833E-06,0.899275,0.170675,0.7286,0,0,,0,0,0,0.19004,0,-1.1545,0.120553,1.69595E-07,1.76852E-07,0.368288,0.474472,1.5896E-07,1.45016E-07,0.0366859,7.86608E-05,0.000273527,0.00081512,0.299918,0.267631,0.225008,0.127096,0.0791794,1,1,0,0,0,0,0,0.840335,0.159665
"MODRA CM 1 CM 2 LT 1.2","2.186E-07","0.9877","369","PWins",7E-19,0,1,0.748625,1,1,1,1,0.101523,6.489,0.996655,1.18598,3.6889E-05,0.000511249,0.00560609,0.040282,0.15094,0.282501,0.300698,0.219425,1,1,0.55337,0.110055,,,0,,,,,0,0,1,1,9.4,8.39999,17.8,2.20001,999.567,995.609,1.2,1.0787,0.312781,1.39148,1.41314,0.187668,0.898487,2.09849,9.96655E-06,0.898477,0.468173,0.430305,0,0,,0,0,0,0.521301,0,-1.15133,0.0120362,3.35165E-08,6.59745E-08,0.287882,0.608981,2.87499E-07,3.46525E-07,0.0910995,0.000141018,0.00066551,0.00253868,0.122464,0.206845,0.286907,0.209513,0.170925,1,1,0,0,0,0,0,0,1
"MODRA CM 1 CM 2 LT 1.2","2.186E-07","0.9877","369","DWins",4E-18,0,1,0.520021,1,1,1,1,0.100573,4.66017,0.999247,0.997632,0.0378299,0.0677626,0.123986,0.210381,0.248747,0.184381,0.0919933,0.0349199,1,1,0.563726,0.0841482,,,0,,,,,0,0,1,0,8.4,9.39999,17.8,2.20001,995.609,999.567,1.2,0.52374,0.20336,0.7271,0.314244,0.325377,0.899437,2.09944,9.99247E-06,0.899427,0.11415,0.785277,0,0,,0,0,0,0.1271,0,-1.1551,0.141171,1.9545E-07,1.97919E-07,0.383566,0.448916,1.34537E-07,1.06728E-07,0.0263472,6.68129E-05,0.000199049,0.000487641,0.333635,0.27918,0.213247,0.111436,0.0617476,1,1,0,0,0,0,0,1,0
"MODRA CM 1 CM 2 LT 1.2","2.186E-07","0.9877","369","Abandoned",3E-12,0,1,0.730951,1,1,1,1,0.102169,6.34761,0.999997,1.17163,0.000108181,0.0013438,0.0115734,0.0597475,0.171308,0.277099,0.278591,0.20023,1,1,0.187503,0.0625002,,,0,,,,,1,1.44558E-12,0,,8.6,9.59999,18.2,1.80001,997.118,999.771,0.8,0.208472,0.670349,0.878821,0.0833887,0.938489,0.897841,1.69784,9.99997E-06,0.897831,0.429779,0.468052,0,0,,1,1.44558E-12,2.39964E-12,0.478821,0,1.57762,7.91001E-07,1.17257E-06,1.22275E-06,6.75756E-07,4.84361E-07,0.409251,0.345166,0.245579,9.78968E-07,1.21566E-06,1.30158E-06,0.204355,0.332591,0.463049,8.45943E-07,7.23014E-07,1,1,0,0,0,1,1.44558E-12,0,0
"MODRA CM 1 CM 2 LT 1.2","2.186E-07","0.9877","369","PrecPower1",0.125,0.999883,0.000116601,0.0625,2.333E-11,2.33295E-11,1,0.000116601,1.06735E-05,1,0.0948927,0.640854,1,0,0,0,0,0,0,0,1,1,0.0625156,0.0625313,,,2.33266E-11,,,,,2.81409E-15,3.39007E-24,1.14E-18,0.00018524,9.99988,10,19.9999,0.00011755,1000,1000,1.86636E-11,1.079E-11,0,1.079E-11,4.99053E-12,0,0.000106876,0.000106876,9.49127E-07,0.000105927,0,0.000105927,0,2.3327E-11,0.0625156,2.81409E-15,3.39007E-24,6.38752E-24,0,0,0.936688,0.224526,0.243923,0.207841,0.146448,0.0898693,0.0498802,0.0255094,0.0120029,0.394013,0.326145,0.184955,0.0718392,0.019103,0.00347583,0.000432499,3.67797E-05,2.3329E-11,2.33295E-11,1,4.66776E-18,2.33266E-11,2.81409E-15,3.39007E-24,1.1439E-18,2.119E-22
"MODRA CM 1 CM 2 LT 1.2","2.186E-07","0.9877","369","PrecPower2",0.125,0.999892,0.000107606,0.1875,2.153E-11,2.15298E-11,1,0.000107606,9.94824E-06,2,0.211003,0.768443,0,1,0,0,0,0,0,0,1,1,0.0627046,0.0627231,,,2.14948E-11,,,,,3.49564E-14,3.30345E-24,2.05E-18,0.00143146,9.99989,10,19.9999,0.000109716,1000,1000,1.72238E-11,9.958E-12,0,9.9578E-12,4.60586E-12,0,9.97678E-05,9.97678E-05,2.11023E-06,9.76576E-05,0,9.76576E-05,0,2.1495E-11,0.0626122,3.49564E-14,3.30345E-24,5.90208E-24,0,0,0.708273,0.194117,0.219717,0.199292,0.153452,0.105571,0.0669764,0.0395236,0.0213504,0.245941,0.29712,0.245942,0.139472,0.0541728,0.0144053,0.00262107,0.000326141,2.153E-11,2.15298E-11,1,4.30768E-18,2.14948E-11,3.49564E-14,3.30345E-24,2.0491E-18,2.937E-21
"MODRA CM 1 CM 2 LT 1.2","2.186E-07","0.9877","369","PrecPower3",0.125,0.9999,0.000100285,0.3125,2.006E-11,2.00649E-11,1,0.000100285,9.44195E-06,3,0.400843,0.877963,0,0,1,0,0,0,0,0,1,1,0.0644121,0.0638005,,,1.97639E-11,,,,,3.01061E-13,3.50323E-24,3.78E-18,0.00851784,9.9999,10,19.9999,0.000104293,1000,1000,1.6052E-11,9.275E-12,0,9.2746E-12,4.28908E-12,0,9.48513E-05,9.48513E-05,4.00863E-06,9.08427E-05,0,9.08427E-05,0,1.9764E-11,0.0631784,3.01061E-13,3.50323E-24,5.70474E-24,0,0,0.437033,0.153945,0.184878,0.182933,0.158249,0.125175,0.0924002,0.0633459,0.0390745,0.122435,0.215899,0.260828,0.2159,0.122436,0.0475555,0.0126456,0.0023009,2.0065E-11,2.00649E-11,1,4.0146E-18,1.97639E-11,3.01061E-13,3.50323E-24,3.7493E-18,3.221E-20
"MODRA CM 1 CM 2 LT 1.2","2.186E-07","0.9877","369","PrecPower4",0.125,0.999903,9.69643E-05,0.4375,1.94E-11,1.94006E-11,1,9.69643E-05,9.36228E-06,4,0.630821,0.972494,0,0,0,1,0,0,0,0,1,1,0.0731551,0.0681485,,,1.78464E-11,,,,,1.55422E-12,4.20262E-24,6.59E-18,0.0351029,9.9999,9.99999,19.9999,0.000103273,1000,1000,1.55205E-11,8.937E-12,0,8.9367E-12,4.12716E-12,0,9.39104E-05,9.39104E-05,6.30841E-06,8.7602E-05,0,8.7602E-05,0,1.7846E-11,0.0659184,1.55422E-12,4.20262E-24,6.12385E-24,0,0,0.14666,0.109091,0.141947,0.157033,0.156101,0.144142,0.12449,0.098653,0.0685429,0.0454965,0.117134,0.206553,0.249535,0.206552,0.117134,0.0454963,0.0120981,1.9401E-11,1.94006E-11,1,3.88168E-18,1.78464E-11,1.55422E-12,4.20262E-24,6.3618E-18,2.314E-19
"MODRA CM 1 CM 2 LT 1.2","2.186E-07","0.9877","369","PrecPower5",0.125,0.999903,9.67731E-05,0.5625,1.936E-11,1.93624E-11,1,9.67731E-05,9.59277E-06,5,0.825274,1.06103,0,0,0,0,1,0,0,0,1,1,0.0967271,0.0802579,,,1.49061E-11,,,,,4.45625E-12,5.14761E-24,8.39E-18,0.103375,9.9999,9.99999,19.9999,0.000105026,1000,1000,1.54899E-11,8.901E-12,0,8.9013E-12,4.13007E-12,0,9.54332E-05,9.54333E-05,8.25294E-06,8.71803E-05,0,8.71803E-05,0,1.4906E-11,0.077578,4.45625E-12,5.14761E-24,7.36135E-24,0,0,-0.146647,0.0685424,0.0986526,0.12449,0.144142,0.156101,0.157033,0.141947,0.109092,0.0120982,0.0454969,0.117135,0.206553,0.249535,0.206552,0.117134,0.0454963,1.9362E-11,1.93624E-11,1,3.87402E-18,1.49061E-11,4.45625E-12,5.14761E-24,7.522E-18,8.672E-19
"MODRA CM 1 CM 2 LT 1.2","2.186E-07","0.9877","369","PrecPower6",0.125,0.999901,9.89487E-05,0.6875,1.98E-11,1.97977E-11,1,9.89487E-05,1.00094E-05,6,0.937501,1.15018,0,0,0,0,0,1,0,0,1,1,0.130553,0.102479,,,1.25895E-11,,,,,7.20817E-12,5.81837E-24,7.2E-18,0.225474,9.9999,9.99999,19.9999,0.000108324,1000,1000,1.58381E-11,8.708E-12,6.6672E-6,6.66721E-6,4.19997E-12,6.6672E-06,9.83145E-05,9.83146E-05,9.37521E-06,8.89393E-05,6.06114E-06,8.28782E-05,0,1.2589E-11,0.111658,7.20817E-12,5.81837E-24,9.07721E-24,0.0673803,0,-0.437027,0.0390742,0.0633457,0.0924003,0.125176,0.158249,0.182933,0.184877,0.153945,0.00230095,0.0126458,0.0475559,0.122436,0.2159,0.260827,0.215899,0.122435,1.9798E-11,1.97977E-11,1,3.96112E-18,1.25895E-11,7.20817E-12,5.81837E-24,5.5756E-18,1.623E-18
"MODRA CM 1 CM 2 LT 1.2","2.186E-07","0.9877","369","PrecPower7",0.125,0.999898,0.00010167,0.8125,2.034E-11,2.03421E-11,1,0.00010167,1.04031E-05,7,0.982651,1.2392,0,0,0,0,0,0,1,0,1,1,0.158859,0.129195,,,1.30951E-11,,,,,7.24695E-12,6.08571E-24,4.51E-18,0.383118,9.9999,9.99999,19.9999,0.000111496,1000,1000,1.62736E-11,0,0.0001017,0.00010167,0,0.00010167,0.000101093,0.000101093,9.82671E-06,9.12665E-05,9.12664E-05,6.71582E-11,0,1.3095E-11,0.154556,7.24695E-12,6.08571E-24,1.05153E-23,0.999999,0,-0.708275,0.0213504,0.0395237,0.0669767,0.105572,0.153453,0.199292,0.219716,0.194116,0.000326149,0.00262111,0.0144054,0.0541733,0.139472,0.245942,0.29712,0.24594,2.0342E-11,2.03421E-11,1,4.07004E-18,1.30951E-11,7.24695E-12,6.08571E-24,2.7818E-18,1.728E-18
"MODRA CM 1 CM 2 LT 1.2","2.186E-07","0.9877","369","PrecPower8",0.125,0.999897,0.00010265,0.9375,2.054E-11,2.05382E-11,1,0.00010265,1.05613E-05,8,0.996059,1.32436,0,0,0,0,0,0,0,1,1,1,0.175197,0.1522,,,1.53296E-11,,,,,5.20855E-12,6.15277E-24,2.32E-18,0.544192,9.9999,9.99999,19.9999,0.000112611,1000,1000,1.64305E-11,0,0.0001026,0.00010265,0,0.00010265,0.000102049,0.000102049,9.96079E-06,9.20885E-05,9.20884E-05,5.32373E-11,0,1.533E-11,0.176847,5.20855E-12,6.15277E-24,1.13497E-23,0.999999,0,-0.9367,0.012003,0.0255097,0.0498808,0.0898705,0.146449,0.207842,0.243921,0.224523,3.67806E-05,0.000432507,0.00347587,0.0191033,0.0718396,0.184955,0.326144,0.394012,2.0538E-11,2.05382E-11,1,4.10928E-18,1.53296E-11,5.20855E-12,6.15277E-24,1.056E-18,1.261E-18
"MODRA CM 1 CM 2 LT 1.2","2.186E-07","0.9877","369","PrecLevel0",0.3651,0.99989,0.000109999,0.243861,2.201E-11,2.20086E-11,0.999999,0.000109999,9.99899E-06,2.45089,0,0.83785,0.309867,0.270114,0.205122,0.126389,0.0598187,0.0213979,0.00594082,0.00135077,1,1,0.0625007,0.0625007,,,2.20086E-11,,,,,3.08099E-17,7.34681E-24,1.44E-20,0.457626,9.99989,10,19.9999,0.00011,1000,1000,1.76069E-11,9.901E-12,3.0084E-6,3.00843E-6,4.57903E-12,3.00842E-06,0.0001,0.000100001,5.47979E-10,9.99999E-05,2.73495E-06,9.7265E-05,0,2.2009E-11,0.0625004,3.08099E-17,7.34681E-24,1.45321E-23,0.0273496,0,0.850213,0.220162,0.243416,0.211466,0.151082,0.0922451,0.0491755,0.0230187,0.00943538,0.281633,0.348339,0.370027,1.47819E-07,1.47819E-07,1.4807E-07,1.39391E-07,1.12699E-07,2.2009E-11,2.20086E-11,1,4.40348E-18,2.20086E-11,3.08099E-17,7.34681E-24,7.7985E-21,6.58E-21
"MODRA CM 1 CM 2 LT 1.2","2.186E-07","0.9877","369","PrecLevel1",0.6349,0.999902,9.8482E-05,0.647309,1.97E-11,1.97043E-11,1,9.8482E-05,9.99912E-06,5.67847,1,1.10005,0.0186824,0.041543,0.07892,0.1242,0.162486,0.184583,0.193473,0.196113,1,1,0.127795,0.10722,,,1.45826E-11,,,,,5.12166E-12,3.17855E-24,7.08E-18,0.159317,9.9999,9.99999,19.9999,0.000108482,1000,1000,1.57634E-11,5.444E-12,3.9811E-5,3.9811E-05,2.55312E-12,3.9811E-05,9.84829E-05,9.84829E-05,1E-05,8.84829E-05,3.57212E-05,5.27617E-05,0,1.4583E-11,0.114875,5.12166E-12,3.17855E-24,3.93258E-24,0.404246,0,-0.488967,0.0353526,0.0603424,0.0911906,0.125556,0.159394,0.184525,0.187095,0.156544,3.24071E-08,4.00828E-08,4.25784E-08,0.212445,0.212445,0.212807,0.200333,0.16197,1.9704E-11,1.97043E-11,1,3.94243E-18,1.45826E-11,5.12166E-12,3.17855E-24,5.9493E-18,1.127E-18
"MODRA CM 1 CM 2 LT 1.2","2.186E-07","0.9877","369","PrecLevel2",2E-07,0.999909,9.058E-05,0.5,1.812E-11,1.81232E-11,1,9.058E-05,9.99919E-06,4.5,2,0.869971,0.125001,0.125,0.124999,0.124999,0.124999,0.125,0.125,0.125001,1,1,0.0625007,0.0625007,,,1.81232E-11,,,,,2.53827E-17,2.53928E-24,5.08E-24,0,9.99991,9.99998,19.9999,0.00011058,1000,1000,1.44986E-11,7.303E-12,1.1666E-5,1.16656E-5,3.37742E-12,1.16656E-05,0.000100581,0.000100581,2E-05,8.05808E-05,1.02989E-05,7.02819E-05,0,1.8123E-11,0.0625004,2.53827E-17,2.53928E-24,5.07857E-24,0.128787,0,0,0.102831,0.127187,0.135106,0.134876,0.134876,0.135106,0.127187,0.102831,0.102831,0.127187,0.135106,0.134876,0.134876,0.135106,0.127187,0.102831,1.8123E-11,1.81232E-11,1,3.6261E-18,1.81232E-11,2.53827E-17,2.53928E-24,5.0786E-24,0
"MODRA CM 1 CM 2 LT 1.2","2.186E-07","0.9877","369","PrecLevel3",2E-07,0.999918,8.2407E-05,0.5,1.649E-11,1.64880E-11,1,8.2407E-05,9.99928E-06,4.5,3,0.763774,0.125001,0.125,0.125,0.124999,0.124999,0.125,0.125,0.125001,1,1,0.0625007,0.0625007,,,1.64880E-11,,,,,2.30924E-17,2.31017E-24,4.62E-24,0,9.99992,9.99997,19.9999,0.000112407,1000,1000,1.31904E-11,7.626E-12,0,7.6257E-12,3.52689E-12,0,0.000102408,0.000102408,3E-05,7.24077E-05,0,7.24077E-05,0,1.6488E-11,0.0625004,2.30924E-17,2.31017E-24,4.62033E-24,0,0,0,0.102831,0.127187,0.135106,0.134876,0.134876,0.135106,0.127187,0.102831,0.102831,0.127187,0.135106,0.134876,0.134876,0.135106,0.127187,0.102831,1.6488E-11,1.64880E-11,1,3.29892E-18,1.64880E-11,2.30924E-17,2.31017E-24,4.6203E-24,0
"MODRA CM 1 CM 2 LT 1.2","2.186E-07","0.9877","369","PrecLevel4",2E-07,0.999925,7.5324E-05,0.5,1.507E-11,1.50708E-11,1,7.5324E-05,9.99935E-06,4.5,4,0.651712,0.125,0.125,0.125,0.124999,0.124999,0.125,0.125,0.125001,1,1,0.0625007,0.0625007,,,1.50708E-11,,,,,2.11076E-17,2.1116E-24,4.22E-24,0,9.99992,9.99996,19.9999,0.000115324,1000,1000,1.20567E-11,6.97E-12,0,6.9703E-12,3.22375E-12,0,0.000105325,0.000105325,4E-05,6.53246E-05,0,6.53246E-05,0,1.5071E-11,0.0625004,2.11076E-17,2.1116E-24,4.2232E-24,0,0,-1.42653E-15,0.102831,0.127187,0.135106,0.134876,0.134876,0.135106,0.127187,0.102831,0.102831,0.127187,0.135106,0.134876,0.134876,0.135106,0.127187,0.102831,1.5071E-11,1.50708E-11,1,3.01537E-18,1.50708E-11,2.11076E-17,2.1116E-24,4.2232E-24,0
"MODRA CM 1 CM 2 LT 1.2","2.186E-07","0.9877","369","PrecLevel5",2E-07,0.999931,6.9399E-05,0.500001,1.389E-11,1.38854E-11,1,6.9399E-05,9.99941E-06,4.5,5,0.531717,0.125,0.125,0.125,0.124999,0.124999,0.125,0.125,0.125001,1,1,0.0625007,0.0625007,,,1.38853E-11,,,,,1.94473E-17,1.94551E-24,3.89E-24,0,9.99993,9.99995,19.9999,0.000119399,1000,1000,1.11083E-11,6.422E-12,0,6.422E-12,2.97017E-12,0,0.0001094,0.0001094,5E-05,5.93996E-05,0,5.93996E-05,0,1.3885E-11,0.0625004,1.94473E-17,1.94551E-24,3.89101E-24,0,0,0,0.102831,0.127187,0.135106,0.134876,0.134876,0.135106,0.127187,0.102831,0.102831,0.127187,0.135106,0.134876,0.134876,0.135106,0.127187,0.102831,1.3885E-11,1.38854E-11,1,2.77818E-18,1.38853E-11,1.94473E-17,1.94551E-24,3.891E-24,0
"MODRA CM 1 CM 2 LT 1.2","2.186E-07","0.9877","369","PrecLevel6",2E-07,0.999935,6.47284E-05,0.500001,1.295E-11,1.29509E-11,1,6.47284E-05,9.99945E-06,4.50001,6,0.399943,0.125,0.125,0.125,0.124999,0.124999,0.125,0.125,0.125001,1,1,0.0625007,0.0625007,,,1.29508E-11,,,,,1.81385E-17,1.81457E-24,3.63E-24,0,9.99994,9.99994,19.9999,0.000124728,1000,1000,1.03607E-11,5.99E-12,0,5.9898E-12,2.77028E-12,0,0.000114729,0.000114729,6E-05,5.4729E-05,0,5.4729E-05,0,1.2951E-11,0.0625004,1.81385E-17,1.81457E-24,3.62914E-24,0,0,-2.14064E-15,0.102831,0.127187,0.135106,0.134876,0.134876,0.135106,0.127187,0.102831,0.102831,0.127187,0.135106,0.134876,0.134876,0.135106,0.127187,0.102831,1.2951E-11,1.29509E-11,1,2.59121E-18,1.29508E-11,1.81385E-17,1.81457E-24,3.6291E-24,0
"MODRA CM 1 CM 2 LT 1.2","2.186E-07","0.9877","369","PrecLevel7",2E-07,0.999939,6.14683E-05,0.500001,1.23E-11,1.22986E-11,1,6.14683E-05,9.99949E-06,4.50001,7,0.247101,0.125,0.125,0.125,0.124999,0.124999,0.125,0.125,0.125001,1,1,0.0625007,0.0625007,,,1.22986E-11,,,,,1.72249E-17,1.72318E-24,3.45E-24,0,9.99994,9.99993,19.9999,0.000131468,1000,1000,9.83887E-12,5.688E-12,0,5.6881E-12,2.63075E-12,0,0.000121469,0.000121469,7E-05,5.14689E-05,0,5.14689E-05,0,1.2299E-11,0.0625004,1.72249E-17,1.72318E-24,3.44636E-24,0,0,-1.20927E-15,0.102831,0.127187,0.135106,0.134876,0.134876,0.135106,0.127187,0.102831,0.102831,0.127187,0.135106,0.134876,0.134876,0.135106,0.127187,0.102831,1.2299E-11,1.22986E-11,1,2.46070E-18,1.22986E-11,1.72249E-17,1.72318E-24,3.4464E-24,0
"MODRA CM 1 CM 2 LT 1.2","2.186E-07","0.9877","369","Rounds1",2E-11,0,1,0.489993,1,1,1,1,0.0973742,4.41994,0.608881,0.997096,0.141938,0.130987,0.122075,0.118033,0.1178,0.120449,0.123762,0.124955,1,1,0.102257,0.0897293,,,0.841736,,,,,0.158264,2.28782E-13,2.189E-7,0.159665,8.67621,9.52378,18.2,1.80001,997.536,999.7,0.8,0.344162,0.330251,0.674413,0.160269,0.426427,0.902632,1.70263,6.08881E-06,0.902626,0.230575,0.67205,0,0.841736,0.0905387,0.158264,2.28782E-13,3.79775E-13,0.256833,0,0.0281388,0.108373,0.132923,0.139238,0.136258,0.133233,0.13089,0.121576,0.0975105,0.110153,0.136243,0.144726,0.131697,0.130206,0.129145,0.1207,0.0971291,1,1,0,0,0.841736,0.158264,2.28782E-13,1.83977E-7,3.4956E-8
"MODRA CM 1 CM 2 LT 1.2","2.186E-07","0.9877","369","PrePrimary1",0,,,,,,,,,,,,,,,,,,,,,,,,,,,,,,,,,,,,,,,,,,,,,,,,,,,,,,,,,,,,,,,,,,,,,,,,,,,,,,,,,,,,,,
"MODRA CM 1 CM 2 LT 1.2","2.186E-07","0.9877","369","PrePrimary2",0,,,,,,,,,,,,,,,,,,,,,,,,,,,,,,,,,,,,,,,,,,,,,,,,,,,,,,,,,,,,,,,,,,,,,,,,,,,,,,,,,,,,,,
"MODRA CM 1 CM 2 LT 1.2","2.186E-07","0.9877","369","PrePrimary3",0,,,,,,,,,,,,,,,,,,,,,,,,,,,,,,,,,,,,,,,,,,,,,,,,,,,,,,,,,,,,,,,,,,,,,,,,,,,,,,,,,,,,,,
"MODRA CM 1 CM 2 LT 1.2","2.186E-07","0.9877","369","PrePrimary4",0,,,,,,,,,,,,,,,,,,,,,,,,,,,,,,,,,,,,,,,,,,,,,,,,,,,,,,,,,,,,,,,,,,,,,,,,,,,,,,,,,,,,,,
"MODRA CM 1 CM 2 LT 1.2","2.186E-07","0.9877","369","PrePrimary5",0,,,,,,,,,,,,,,,,,,,,,,,,,,,,,,,,,,,,,,,,,,,,,,,,,,,,,,,,,,,,,,,,,,,,,,,,,,,,,,,,,,,,,,
"MODRA CM 1 CM 2 LT 1.2","2.186E-07","0.9877","369","PrePrimary6",0,,,,,,,,,,,,,,,,,,,,,,,,,,,,,,,,,,,,,,,,,,,,,,,,,,,,,,,,,,,,,,,,,,,,,,,,,,,,,,,,,,,,,,
"MODRA CM 1 CM 2 LT 1.2","2.186E-07","0.9877","369","PrePrimary7",0,,,,,,,,,,,,,,,,,,,,,,,,,,,,,,,,,,,,,,,,,,,,,,,,,,,,,,,,,,,,,,,,,,,,,,,,,,,,,,,,,,,,,,
"MODRA CM 1 CM 2 LT 1.2","2.186E-07","0.9877","369","PrePrimary8",0,,,,,,,,,,,,,,,,,,,,,,,,,,,,,,,,,,,,,,,,,,,,,,,,,,,,,,,,,,,,,,,,,,,,,,,,,,,,,,,,,,,,,,
"MODRA CM 1 CM 2 LT 1.2","2.186E-07","0.9877","369","PrePrimary9",0,,,,,,,,,,,,,,,,,,,,,,,,,,,,,,,,,,,,,,,,,,,,,,,,,,,,,,,,,,,,,,,,,,,,,,,,,,,,,,,,,,,,,,
"MODRA CM 1 CM 2 LT 1.2","2.186E-07","0.9877","369","PrePrimary10",0,,,,,,,,,,,,,,,,,,,,,,,,,,,,,,,,,,,,,,,,,,,,,,,,,,,,,,,,,,,,,,,,,,,,,,,,,,,,,,,,,,,,,,
"MODRA CM 1 CM 2 LT 1.2","2.186E-07","0.9877","369","Truly Liable",2.6E-5,0,1,0.869365,2.0008E-7,2.0008E-07,1,1,0.102236,7.45492,0.95835,1.28095,0,0,0,0,0,0.0316,0.481877,0.486523,1,1,0.163763,0.13828,,,1.41045E-07,,,,,5.90346E-08,7.10921E-20,3.24E-14,0.437978,9,9.99999,19,1.00001,998.808,1000,1.60064E-07,8.518E-15,1,1,5.11053E-15,1,0.897773,0.897774,9.5835E-06,0.897764,0.897764,0,0,1.41045E-7,0.161913,5.90346E-08,7.10921E-20,1.29507E-19,1,0,0.102158,0.000176635,0.00155323,0.00940157,0.03896,0.111113,0.220724,0.30938,0.308692,0.00115002,0.00743605,0.0330633,0.0355801,0.10446,0.212073,0.3019,0.304338,2.0008E-07,2.0008E-07,1,4.0032E-14,1.41045E-07,5.90346E-08,7.10921E-20,1.8216E-14,1.420E-14
"MODRA CM 1 CM 2 LT 1.2","2.186E-07","0.9877","369","Truly Not Liable",7.6E-5,0,1,0.358885,2.0008E-7,2.0008E-07,1,1,0.0956939,3.37108,0.488106,0.898998,0.190991,0.176256,0.164263,0.158824,0.158511,0.151155,1.30052E-07,1.05119E-07,1,1,0.0810006,0.0729504,,,1.77873E-07,,,,,2.22068E-08,3.70253E-20,4.77E-14,0.0943645,9,10,19,1.00001,998.808,1000,1.60064E-07,9.2657E-8,0,9.26574E-8,4.31486E-08,0,0.904311,0.904311,4.88106E-06,0.904306,0,0.904306,0,1.77873E-7,0.0709795,2.22068E-08,3.70253E-20,5.74887E-20,0,0,0.00255813,0.145764,0.178324,0.184108,0.169883,0.140878,0.0998438,0.0566718,0.0245278,0.147824,0.180758,0.183316,0.164914,0.139104,0.100486,0.0580787,0.0255193,2.0008E-07,2.0008E-07,1,4.0032E-14,1.77873E-07,2.22068E-08,3.70253E-20,4.3236E-14,4.505E-15
"MODRA CM 1 CM 2 LT 1.2","2.186E-07","0.9877","369","Liability Strength1",0.125,0.999883,0.000116601,0.0625,2.333E-11,2.33295E-11,1,0.000116601,1.06735E-05,1,0.0948927,0.640854,1,0,0,0,0,0,0,0,1,1,0.0625156,0.0625313,,,2.33266E-11,,,,,2.81409E-15,3.39007E-24,1.14E-18,0.00018524,9.99988,10,19.9999,0.00011755,1000,1000,1.86636E-11,1.079E-11,0,1.079E-11,4.99053E-12,0,0.000106876,0.000106876,9.49127E-07,0.000105927,0,0.000105927,0,2.3327E-11,0.0625156,2.81409E-15,3.39007E-24,6.38752E-24,0,0,0.936688,0.224526,0.243923,0.207841,0.146448,0.0898693,0.0498802,0.0255094,0.0120029,0.394013,0.326145,0.184955,0.0718392,0.019103,0.00347583,0.000432499,3.67797E-05,2.3329E-11,2.33295E-11,1,4.66776E-18,2.33266E-11,2.81409E-15,3.39007E-24,1.1439E-18,2.119E-22
"MODRA CM 1 CM 2 LT 1.2","2.186E-07","0.9877","369","Liability Strength2",0.125,0.999892,0.000107606,0.1875,2.153E-11,2.15298E-11,1,0.000107606,9.94824E-06,2,0.211003,0.768443,0,1,0,0,0,0,0,0,1,1,0.0627046,0.0627231,,,2.14948E-11,,,,,3.49564E-14,3.30345E-24,2.05E-18,0.00143146,9.99989,10,19.9999,0.000109716,1000,1000,1.72238E-11,9.958E-12,0,9.9578E-12,4.60586E-12,0,9.97678E-05,9.97678E-05,2.11023E-06,9.76576E-05,0,9.76576E-05,0,2.1495E-11,0.0626122,3.49564E-14,3.30345E-24,5.90208E-24,0,0,0.708273,0.194117,0.219717,0.199292,0.153452,0.105571,0.0669764,0.0395236,0.0213504,0.245941,0.29712,0.245942,0.139472,0.0541728,0.0144053,0.00262107,0.000326141,2.153E-11,2.15298E-11,1,4.30768E-18,2.14948E-11,3.49564E-14,3.30345E-24,2.0491E-18,2.937E-21
"MODRA CM 1 CM 2 LT 1.2","2.186E-07","0.9877","369","Liability Strength3",0.125,0.9999,0.000100285,0.3125,2.006E-11,2.00649E-11,1,0.000100285,9.44195E-06,3,0.400843,0.877963,0,0,1,0,0,0,0,0,1,1,0.0644121,0.0638005,,,1.97639E-11,,,,,3.01061E-13,3.50323E-24,3.78E-18,0.00851784,9.9999,10,19.9999,0.000104293,1000,1000,1.6052E-11,9.275E-12,0,9.2746E-12,4.28908E-12,0,9.48513E-05,9.48513E-05,4.00863E-06,9.08427E-05,0,9.08427E-05,0,1.9764E-11,0.0631784,3.01061E-13,3.50323E-24,5.70474E-24,0,0,0.437033,0.153945,0.184878,0.182933,0.158249,0.125175,0.0924002,0.0633459,0.0390745,0.122435,0.215899,0.260828,0.2159,0.122436,0.0475555,0.0126456,0.0023009,2.0065E-11,2.00649E-11,1,4.0146E-18,1.97639E-11,3.01061E-13,3.50323E-24,3.7493E-18,3.221E-20
"MODRA CM 1 CM 2 LT 1.2","2.186E-07","0.9877","369","Liability Strength4",0.125,0.999903,9.69643E-05,0.4375,1.94E-11,1.94006E-11,1,9.69643E-05,9.36228E-06,4,0.630821,0.972494,0,0,0,1,0,0,0,0,1,1,0.0731551,0.0681485,,,1.78464E-11,,,,,1.55422E-12,4.20262E-24,6.59E-18,0.0351029,9.9999,9.99999,19.9999,0.000103273,1000,1000,1.55205E-11,8.937E-12,0,8.9367E-12,4.12716E-12,0,9.39104E-05,9.39104E-05,6.30841E-06,8.7602E-05,0,8.7602E-05,0,1.7846E-11,0.0659184,1.55422E-12,4.20262E-24,6.12385E-24,0,0,0.14666,0.109091,0.141947,0.157033,0.156101,0.144142,0.12449,0.098653,0.0685429,0.0454965,0.117134,0.206553,0.249535,0.206552,0.117134,0.0454963,0.0120981,1.9401E-11,1.94006E-11,1,3.88168E-18,1.78464E-11,1.55422E-12,4.20262E-24,6.3618E-18,2.314E-19
"MODRA CM 1 CM 2 LT 1.2","2.186E-07","0.9877","369","Liability Strength5",0.125,0.999903,9.67731E-05,0.5625,1.936E-11,1.93624E-11,1,9.67731E-05,9.59277E-06,5,0.825274,1.06103,0,0,0,0,1,0,0,0,1,1,0.0967271,0.0802579,,,1.49061E-11,,,,,4.45625E-12,5.14761E-24,8.39E-18,0.103375,9.9999,9.99999,19.9999,0.000105026,1000,1000,1.54899E-11,8.901E-12,0,8.9013E-12,4.13007E-12,0,9.54332E-05,9.54333E-05,8.25294E-06,8.71803E-05,0,8.71803E-05,0,1.4906E-11,0.077578,4.45625E-12,5.14761E-24,7.36135E-24,0,0,-0.146647,0.0685424,0.0986526,0.12449,0.144142,0.156101,0.157033,0.141947,0.109092,0.0120982,0.0454969,0.117135,0.206553,0.249535,0.206552,0.117134,0.0454963,1.9362E-11,1.93624E-11,1,3.87402E-18,1.49061E-11,4.45625E-12,5.14761E-24,7.522E-18,8.672E-19
"MODRA CM 1 CM 2 LT 1.2","2.186E-07","0.9877","369","Liability Strength6",0.125,0.999901,9.89487E-05,0.6875,1.98E-11,1.97977E-11,1,9.89487E-05,1.00094E-05,6,0.937501,1.15018,0,0,0,0,0,1,0,0,1,1,0.130553,0.102479,,,1.25895E-11,,,,,7.20817E-12,5.81837E-24,7.2E-18,0.225474,9.9999,9.99999,19.9999,0.000108324,1000,1000,1.58381E-11,8.708E-12,6.6672E-6,6.66721E-6,4.19997E-12,6.6672E-06,9.83145E-05,9.83146E-05,9.37521E-06,8.89393E-05,6.06114E-06,8.28782E-05,0,1.2589E-11,0.111658,7.20817E-12,5.81837E-24,9.07721E-24,0.0673803,0,-0.437027,0.0390742,0.0633457,0.0924003,0.125176,0.158249,0.182933,0.184877,0.153945,0.00230095,0.0126458,0.0475559,0.122436,0.2159,0.260827,0.215899,0.122435,1.9798E-11,1.97977E-11,1,3.96112E-18,1.25895E-11,7.20817E-12,5.81837E-24,5.5756E-18,1.623E-18
"MODRA CM 1 CM 2 LT 1.2","2.186E-07","0.9877","369","Liability Strength7",0.125,0.999898,0.00010167,0.8125,2.034E-11,2.03421E-11,1,0.00010167,1.04031E-05,7,0.982651,1.2392,0,0,0,0,0,0,1,0,1,1,0.158859,0.129195,,,1.30951E-11,,,,,7.24695E-12,6.08571E-24,4.51E-18,0.383118,9.9999,9.99999,19.9999,0.000111496,1000,1000,1.62736E-11,0,0.0001017,0.00010167,0,0.00010167,0.000101093,0.000101093,9.82671E-06,9.12665E-05,9.12664E-05,6.71582E-11,0,1.3095E-11,0.154556,7.24695E-12,6.08571E-24,1.05153E-23,0.999999,0,-0.708275,0.0213504,0.0395237,0.0669767,0.105572,0.153453,0.199292,0.219716,0.194116,0.000326149,0.00262111,0.0144054,0.0541733,0.139472,0.245942,0.29712,0.24594,2.0342E-11,2.03421E-11,1,4.07004E-18,1.30951E-11,7.24695E-12,6.08571E-24,2.7818E-18,1.728E-18
"MODRA CM 1 CM 2 LT 1.2","2.186E-07","0.9877","369","Liability Strength8",0.125,0.999897,0.00010265,0.9375,2.054E-11,2.05382E-11,1,0.00010265,1.05613E-05,8,0.996059,1.32436,0,0,0,0,0,0,0,1,1,1,0.175197,0.1522,,,1.53296E-11,,,,,5.20855E-12,6.15277E-24,2.32E-18,0.544192,9.9999,9.99999,19.9999,0.000112611,1000,1000,1.64305E-11,0,0.0001026,0.00010265,0,0.00010265,0.000102049,0.000102049,9.96079E-06,9.20885E-05,9.20884E-05,5.32373E-11,0,1.533E-11,0.176847,5.20855E-12,6.15277E-24,1.13497E-23,0.999999,0,-0.9367,0.012003,0.0255097,0.0498808,0.0898705,0.146449,0.207842,0.243921,0.224523,3.67806E-05,0.000432507,0.00347587,0.0191033,0.0718396,0.184955,0.326144,0.394012,2.0538E-11,2.05382E-11,1,4.10928E-18,1.53296E-11,5.20855E-12,6.15277E-24,1.056E-18,1.261E-18
"MODRA CM 1 CM 2 LT 1.2","2.186E-07","0.9877","369","PLiabilitySignal1",0.1028,0.999892,0.000108221,0.292085,2.165E-11,2.16528E-11,1,0.000108221,9.99902E-06,2.83668,0.218271,0.860388,0.272933,0.235965,0.187132,0.132609,0.0833188,0.0474981,0.0259533,0.0145907,1,1,0.0625007,0.0636693,,,2.16528E-11,,,,,2.50123E-17,3.68617E-24,5.27E-18,0.0159412,9.99989,10,19.9999,0.000110404,1000,1000,1.73223E-11,1.002E-11,4.5302E-8,4.53121E-8,4.64197E-12,4.53021E-08,0.000100405,0.000100405,2.18291E-06,9.82218E-05,4.08858E-08,9.8181E-05,0,2.1653E-11,0.0630847,2.50123E-17,3.68617E-24,5.55179E-24,0.000418608,0,-1.50627,1,0,0,0,0,0,0,0,0.283165,0.284353,0.214217,0.12544,0.0593233,0.0234005,0.00784805,0.00225338,2.1653E-11,2.16528E-11,1,4.33230E-18,2.16528E-11,2.50123E-17,3.68617E-24,5.1892E-18,8.406E-20
"MODRA CM 1 CM 2 LT 1.2","2.186E-07","0.9877","369","PLiabilitySignal2",0.1272,0.999893,0.000107318,0.32569,2.147E-11,2.14723E-11,1,0.000107318,9.99902E-06,3.10552,0.301215,0.883171,0.23973,0.215939,0.181698,0.139505,0.0969559,0.0622565,0.0388443,0.0250712,1,1,0.0625007,0.0652809,,,2.14722E-11,,,,,2.99776E-17,3.35532E-24,6.00E-24,0.0315541,9.99989,10,19.9999,0.000110331,1000,1000,1.71778E-11,9.929E-12,3.2208E-7,3.22087E-7,4.60668E-12,3.22077E-07,0.000100332,0.000100332,3.01235E-06,9.73194E-05,2.90331E-07,9.70291E-05,0,2.1472E-11,0.0638904,2.99776E-17,3.35532E-24,6.71065E-24,0.00300114,0,-0.837045,0,1,0,0,0,0,0,0,0.2299,0.252798,0.216092,0.149198,0.0859312,0.0420859,0.01765,0.00634518,2.1472E-11,2.14723E-11,1,4.29618E-18,2.14722E-11,2.99776E-17,3.35532E-24,5.8087E-24,1.893E-25
"MODRA CM 1 CM 2 LT 1.2","2.186E-07","0.9877","369","PLiabilitySignal3",0.1351,0.999894,0.000105827,0.380219,2.117E-11,2.11739E-11,1,0.000105827,9.99904E-06,3.54175,0.428519,0.920176,0.192296,0.184385,0.169249,0.145286,0.115178,0.0854888,0.0619672,0.04615,1,1,0.0625007,0.0692042,,,2.11739E-11,,,,,2.94282E-17,3.58452E-24,5.89E-24,0.0595628,9.99989,10,19.9999,0.000110113,1000,1000,1.69392E-11,9.682E-12,1.8352E-6,1.83525E-6,4.50850E-12,1.83524E-06,0.000100114,0.000100114,4.28539E-06,9.58284E-05,1.65257E-06,9.41758E-05,0,2.1174E-11,0.0658521,2.94282E-17,3.58452E-24,7.16903E-24,0.0173418,0,-0.36328,0,0,1,0,0,0,0,0,0.163043,0.203426,0.205016,0.172371,0.123246,0.0754669,0.0396191,0.0178105,2.1174E-11,2.11739E-11,1,4.23649E-18,2.11739E-11,2.94282E-17,3.58452E-24,5.5373E-24,3.507E-25
"MODRA CM 1 CM 2 LT 1.2","2.186E-07","0.9877","369","PLiabilitySignal4",0.1349,0.999896,0.000103739,0.456753,2.076E-11,2.07561E-11,1,0.000103739,9.99906E-06,4.15402,0.591011,0.972586,0.135725,0.142216,0.14666,0.14467,0.133587,0.11601,0.0978417,0.0832904,1,1,0.0625007,0.0774424,,,2.0756E-11,,,,,1.62913E-17,5.0256E-24,1.23E-17,0.124806,9.9999,9.99999,19.9999,0.000109649,1000,1000,1.66049E-11,8.997E-12,7.6182E-6,7.61817E-6,4.21459E-12,7.61816E-06,9.96501E-05,9.96501E-05,5.91031E-06,9.37398E-05,6.85318E-06,8.68866E-05,0,2.0756E-11,0.0699712,1.62913E-17,5.0256E-24,5.70742E-24,0.0734359,0,-0.0910439,0,0,0,1,0,0,0,0,0.0956372,0.140692,0.172665,0.180209,0.16108,0.123456,0.0810322,0.0452287,2.0756E-11,2.07561E-11,1,4.15288E-18,2.0756E-11,1.62913E-17,5.0256E-24,1.0749E-17,1.533E-18
"MODRA CM 1 CM 2 LT 1.2","2.186E-07","0.9877","369","PLiabilitySignal5",0.1349,0.999899,0.000101436,0.543249,2.03E-11,2.02953E-11,1,0.000101436,9.99908E-06,4.84599,0.750287,1.03284,0.0832893,0.0978406,0.116009,0.133586,0.14467,0.146661,0.142217,0.135727,1,1,0.0625007,0.0909465,,,2.02953E-11,,,,,1.16771E-17,5.78447E-24,1.58E-17,0.204929,9.9999,9.99999,19.9999,0.000108939,1000,1000,1.62363E-11,7.509E-12,2.1727E-5,2.17269E-5,3.54314E-12,2.17269E-05,9.89401E-05,9.89401E-05,7.50307E-06,9.1437E-05,1.95278E-05,7.19092E-05,0,2.0295E-11,0.0767232,1.16771E-17,5.78447E-24,5.88826E-24,0.214193,0,0.0910439,0,0,0,0,1,0,0,0,0.0452287,0.0810322,0.123456,0.16108,0.180209,0.172665,0.140692,0.0956372,2.0295E-11,2.02953E-11,1,4.06069E-18,2.02953E-11,1.16771E-17,5.78447E-24,1.2581E-17,3.243E-18
"MODRA CM 1 CM 2 LT 1.2","2.186E-07","0.9877","369","PLiabilitySignal6",0.1351,0.999901,9.94827E-05,0.619783,1.99E-11,1.99045E-11,1,9.94827E-05,9.9991E-06,5.45826,0.867108,1.08733,0.0461495,0.0619666,0.0854881,0.115177,0.145287,0.169249,0.184386,0.192297,1,1,0.169132,0.107277,,,1.00550E-11,,,,,9.84954E-12,5.08267E-24,5.29E-24,0.288775,9.9999,9.99999,19.9999,0.000108154,1000,1000,1.59236E-11,5.053E-12,4.3087E-5,4.30866E-5,2.31891E-12,4.30866E-05,9.81549E-05,9.81549E-05,8.67128E-06,8.94836E-05,3.86956E-05,5.0788E-05,0,1.0055E-11,0.151139,9.84954E-12,5.08267E-24,1.01653E-23,0.433107,0,0.36328,0,0,0,0,0,1,0,0,0.0178105,0.0396191,0.0754669,0.123246,0.172371,0.205016,0.203426,0.163043,1.9905E-11,1.99045E-11,1,3.9825E-18,1.00550E-11,9.84954E-12,5.08267E-24,3.7640E-24,1.528E-24
"MODRA CM 1 CM 2 LT 1.2","2.186E-07","0.9877","369","PLiabilitySignal7",0.1272,0.999902,9.81566E-05,0.67431,1.964E-11,1.96392E-11,1,9.81566E-05,9.99912E-06,5.89448,0.933923,1.12703,0.025071,0.038844,0.0622563,0.0969561,0.139506,0.181699,0.215939,0.239729,1,1,0.178244,0.122078,,,1.08148E-11,,,,,8.82442E-12,5.3666E-24,5.13E-24,0.381531,9.9999,9.99999,19.9999,0.000107496,1000,1000,1.57113E-11,3.069E-12,6.4153E-5,6.41529E-5,1.42352E-12,6.41529E-05,9.74969E-05,9.7497E-05,9.33943E-06,8.81575E-05,5.75782E-05,3.05793E-05,0,1.0815E-11,0.17069,8.82442E-12,5.3666E-24,1.07332E-23,0.653577,0,0.837045,0,0,0,0,0,0,1,0,0.00634518,0.01765,0.0420859,0.0859312,0.149198,0.216092,0.252798,0.2299,1.9639E-11,1.96392E-11,1,3.92941E-18,1.08148E-11,8.82442E-12,5.3666E-24,3.1719E-24,1.957E-24
"MODRA CM 1 CM 2 LT 1.2","2.186E-07","0.9877","369","PLiabilitySignal8",0.1028,0.999903,9.73739E-05,0.707914,1.948E-11,1.94826E-11,1,9.73739E-05,9.99912E-06,6.16332,0.966502,1.15197,0.0145906,0.0259533,0.0474981,0.0833192,0.13261,0.187134,0.235966,0.272929,1,1,0.18277,0.132947,,,1.17171E-11,,,,,7.76545E-12,5.67051E-24,1.60E-18,0.396485,9.9999,9.99999,19.9999,0.000107039,1000,1000,1.55861E-11,1.655E-12,7.9171E-5,7.91712E-5,7.75771E-13,7.91712E-05,9.704E-05,9.704E-05,9.66522E-06,8.73748E-05,7.10228E-05,1.6352E-05,0,1.1717E-11,0.179634,7.76545E-12,5.67051E-24,1.07676E-23,0.813064,0,1.50627,0,0,0,0,0,0,0,1,0.00225338,0.00784805,0.0234005,0.0593233,0.12544,0.214217,0.284353,0.283165,1.9483E-11,1.94826E-11,1,3.89807E-18,1.17171E-11,7.76545E-12,5.67051E-24,9.6849E-19,6.363E-19
"MODRA CM 1 CM 2 LT 1.2","2.186E-07","0.9877","369","DLiabilitySignal1",0.1028,0.99989,0.000109999,0.167254,2.201E-11,2.20086E-11,1,0.000109999,9.999E-06,1.83804,5.60224E-06,0.76048,0.47896,0.298962,0.148829,0.0553045,0.0147064,0.002797,0.000396463,4.47102E-05,1,1,0.0625007,0.0625007,,,2.20086E-11,,,,,3.0956E-17,3.08401E-24,3.44E-21,0.286237,9.99989,10,19.9999,0.000109999,1000,1000,1.76069E-11,1.015E-11,2.9495E-7,2.94959E-7,4.69516E-12,2.94949E-07,0.0001,0.0001,2.56102E-10,9.99999E-05,2.68138E-07,9.97318E-05,0,2.2009E-11,0.0625004,3.0956E-17,3.08401E-24,6.16665E-24,0.00268138,0,1.50627,0.283165,0.284353,0.214217,0.12544,0.0593233,0.0234005,0.00784805,0.00225338,1,0,0,0,0,0,0,0,2.2009E-11,2.20086E-11,1,4.40348E-18,2.20086E-11,3.0956E-17,3.08401E-24,2.4559E-21,9.849E-22
"MODRA CM 1 CM 2 LT 1.2","2.186E-07","0.9877","369","DLiabilitySignal2",0.1272,0.99989,0.000109999,0.227647,2.201E-11,2.20086E-11,1,0.000109999,9.999E-06,2.32117,5.60224E-06,0.822398,0.320539,0.292011,0.212186,0.11512,0.0447144,0.0124284,0.00257605,0.000425073,1,1,0.0625007,0.0625007,,,2.20086E-11,,,,,3.10792E-17,3.08463E-24,9.67E-21,0.388477,9.99989,10,19.9999,0.000109999,1000,1000,1.76069E-11,1.004E-11,1.5419E-6,1.54195E-6,4.64179E-12,1.54194E-06,0.0001,0.0001,2.56102E-10,9.99999E-05,1.40177E-06,9.85982E-05,0,2.2009E-11,0.0625004,3.10792E-17,3.08463E-24,6.16540E-24,0.0140177,0,0.837045,0.2299,0.252798,0.216092,0.149198,0.0859312,0.0420859,0.01765,0.00634518,0,1,0,0,0,0,0,0,2.2009E-11,2.20086E-11,1,4.40348E-18,2.20086E-11,3.10792E-17,3.08463E-24,5.9156E-21,3.758E-21
"MODRA CM 1 CM 2 LT 1.2","2.186E-07","0.9877","369","DLiabilitySignal3",0.1351,0.99989,0.000109999,0.317431,2.201E-11,2.20086E-11,1,0.000109999,9.999E-06,3.03945,5.60224E-06,0.911281,0.171122,0.227545,0.241316,0.191101,0.108373,0.0439988,0.0133279,0.00321589,1,1,0.0625007,0.0625007,,,2.20086E-11,,,,,3.13254E-17,3.08638E-24,2.71E-20,0.497274,9.99989,10,19.9999,0.000109999,1000,1000,1.76069E-11,9.582E-12,6.4542E-6,6.45416E-6,4.43156E-12,6.45415E-06,0.0001,0.0001,2.56102E-10,9.99999E-05,5.86746E-06,9.41325E-05,0,2.2009E-11,0.0625004,3.13254E-17,3.08638E-24,6.1619E-24,0.0586747,0,0.36328,0.163043,0.203426,0.205016,0.172371,0.123246,0.0754669,0.0396191,0.0178105,0,0,1,0,0,0,0,0,2.2009E-11,2.20086E-11,1,4.40348E-18,2.20086E-11,3.13254E-17,3.08638E-24,1.3643E-20,1.350E-20
"MODRA CM 1 CM 2 LT 1.2","2.186E-07","0.9877","369","DLiabilitySignal4",0.1349,0.9999,0.000100267,0.435183,2.006E-11,2.00614E-11,1,0.000100267,9.9991E-06,3.98146,1,0.92355,0.0665793,0.129259,0.20009,0.231262,0.191427,0.113471,0.0502067,0.0177046,1,1,0.093198,0.0625007,,,1.51347E-11,,,,,4.92664E-12,3.35039E-24,1E-17,0.0651952,9.9999,9.99999,19.9999,0.000110267,1000,1000,1.60491E-11,8.4E-12,6.9573E-6,6.95727E-6,3.79095E-12,6.95727E-06,0.000100268,0.000100268,1.00002E-05,9.02676E-05,6.25184E-06,8.40158E-05,0,1.5135E-11,0.0625005,4.92664E-12,3.35039E-24,3.33083E-24,0.0693876,0,0.0910439,0.0956372,0.140692,0.172665,0.180209,0.16108,0.123456,0.0810322,0.0452287,0,0,0,1,0,0,0,0,2.0061E-11,2.00614E-11,1,4.01388E-18,1.51347E-11,4.92664E-12,3.35039E-24,9.3502E-18,6.521E-19
"MODRA CM 1 CM 2 LT 1.2","2.186E-07","0.9877","369","DLiabilitySignal5",0.1349,0.999901,9.91316E-05,0.564819,1.983E-11,1.98342E-11,1,9.91316E-05,9.99911E-06,5.01855,1,1.03521,0.0177043,0.0502061,0.11347,0.191427,0.231262,0.200091,0.12926,0.0665796,1,1,0.113033,0.0625007,,,1.18161E-11,,,,,8.01817E-12,6.37412E-24,8.93E-18,0.123401,9.9999,9.99999,19.9999,0.000109132,1000,1000,1.58674E-11,6.996E-12,2.0426E-5,2.0426E-05,3.12058E-12,2.0426E-05,9.91327E-05,9.91327E-05,1.00002E-05,8.91325E-05,1.83434E-05,7.07891E-05,0,1.1816E-11,0.0625007,8.01817E-12,6.37412E-24,9.75645E-24,0.206049,0,-0.0910439,0.0452287,0.0810322,0.123456,0.16108,0.180209,0.172665,0.140692,0.0956372,0,0,0,0,1,0,0,0,1.9834E-11,1.98342E-11,1,3.96844E-18,1.18161E-11,8.01817E-12,6.37412E-24,7.8241E-18,1.101E-18
"MODRA CM 1 CM 2 LT 1.2","2.186E-07","0.9877","369","DLiabilitySignal6",0.1351,0.999902,9.81567E-05,0.68257,1.964E-11,1.96392E-11,1,9.81567E-05,9.99912E-06,5.96056,1,1.13184,0.00321587,0.0133277,0.0439981,0.108372,0.191101,0.241318,0.227546,0.171122,1,1,0.133432,0.0625007,,,8.49487E-12,,,,,1.11443E-11,6.27822E-24,7.49E-18,0.203588,9.9999,9.99999,19.9999,0.000108157,1000,1000,1.57114E-11,4.99E-12,4.1398E-5,4.13978E-5,2.20273E-12,4.13978E-05,9.81578E-05,9.81578E-05,1.00002E-05,8.81576E-05,3.71563E-05,5.10013E-05,0,8.4949E-12,0.062501,1.11443E-11,6.27822E-24,1.01048E-23,0.421753,0,-0.36328,0.0178105,0.0396191,0.0754669,0.123246,0.172371,0.205016,0.203426,0.163043,0,0,0,0,0,1,0,0,1.9639E-11,1.96392E-11,1,3.92941E-18,8.49487E-12,1.11443E-11,6.27822E-24,5.9661E-18,1.525E-18
"MODRA CM 1 CM 2 LT 1.2","2.186E-07","0.9877","369","DLiabilitySignal7",0.1272,0.999903,9.74498E-05,0.772354,1.95E-11,1.94977E-11,1,9.74498E-05,9.99912E-06,6.67883,1,1.2024,0.000425066,0.002576,0.0124281,0.0447138,0.115119,0.212187,0.292012,0.320539,1,1,0.149508,0.1875,,,1.94977E-11,,,,,2.16271E-17,6.18162E-24,4.49E-18,0.263202,9.9999,9.99999,19.9999,0.00010745,1000,1000,1.55982E-11,3.847E-12,6.2602E-5,6.26018E-5,2.1298E-12,6.26018E-05,9.74509E-05,9.74509E-05,1.00002E-05,8.74506E-05,5.61617E-05,3.12889E-05,0,1.9498E-11,0.168504,2.16271E-17,6.18162E-24,1.04244E-23,0.642401,0,-0.837045,0.00634518,0.01765,0.0420859,0.0859312,0.149198,0.216092,0.252798,0.2299,0,0,0,0,0,0,1,0,1.9498E-11,1.94977E-11,1,3.90111E-18,1.94977E-11,2.16271E-17,6.18162E-24,3.3118E-18,1.183E-18
"MODRA CM 1 CM 2 LT 1.2","2.186E-07","0.9877","369","DLiabilitySignal8",0.1028,0.999903,9.6993E-05,0.832745,1.941E-11,1.94064E-11,1,9.6993E-05,9.99913E-06,7.16196,1,1.24824,4.47091E-05,0.000396452,0.00279693,0.0147061,0.0553044,0.14883,0.298963,0.478959,1,1,0.160014,0.1875,,,1.94063E-11,,,,,2.28624E-17,6.10696E-24,3.46E-18,0.34467,9.9999,9.99999,19.9999,0.000106993,1000,1000,1.55251E-11,2.102E-12,7.8055E-5,7.80545E-5,1.16921E-12,7.80545E-05,9.69942E-05,9.69942E-05,1.00002E-05,8.69939E-05,6.99997E-05,1.69942E-05,0,1.9406E-11,0.173757,2.28624E-17,6.10696E-24,1.06554E-23,0.804744,0,-1.50627,0.00225338,0.00784805,0.0234005,0.0593233,0.12544,0.214217,0.284353,0.283165,0,0,0,0,0,0,0,1,1.9406E-11,1.94064E-11,1,3.88283E-18,1.94063E-11,2.28624E-17,6.10696E-24,2.2698E-18,1.194E-18
"MODRA CM 1 CM 2 LT 1.2","2.186E-07","0.9877","369","High Quality",0.125,0.999897,0.00010265,0.9375,2.054E-11,2.05382E-11,1,0.00010265,1.05613E-05,8,0.996059,1.32436,0,0,0,0,0,0,0,1,1,1,0.175197,0.1522,,,1.53296E-11,,,,,5.20855E-12,6.15277E-24,2.32E-18,0.544192,9.9999,9.99999,19.9999,0.000112611,1000,1000,1.64305E-11,0,0.0001026,0.00010265,0,0.00010265,0.000102049,0.000102049,9.96079E-06,9.20885E-05,9.20884E-05,5.32373E-11,0,1.533E-11,0.176847,5.20855E-12,6.15277E-24,1.13497E-23,0.999999,0,-0.9367,0.012003,0.0255097,0.0498808,0.0898705,0.146449,0.207842,0.243921,0.224523,3.67806E-05,0.000432507,0.00347587,0.0191033,0.0718396,0.184955,0.326144,0.394012,2.0538E-11,2.05382E-11,1,4.10928E-18,1.53296E-11,5.20855E-12,6.15277E-24,1.056E-18,1.261E-18
"MODRA CM 1 CM 2 LT 1.2","2.186E-07","0.9877","369","PLiabilitySignal 1",0.1028,0.999892,0.000108221,0.292085,2.165E-11,2.16528E-11,1,0.000108221,9.99902E-06,2.83668,0.218271,0.860388,0.272933,0.235965,0.187132,0.132609,0.0833188,0.0474981,0.0259533,0.0145907,1,1,0.0625007,0.0636693,,,2.16528E-11,,,,,2.50123E-17,3.68617E-24,5.27E-18,0.0159412,9.99989,10,19.9999,0.000110404,1000,1000,1.73223E-11,1.002E-11,4.5302E-8,4.53121E-8,4.64197E-12,4.53021E-08,0.000100405,0.000100405,2.18291E-06,9.82218E-05,4.08858E-08,9.8181E-05,0,2.1653E-11,0.0630847,2.50123E-17,3.68617E-24,5.55179E-24,0.000418608,0,-1.50627,1,0,0,0,0,0,0,0,0.283165,0.284353,0.214217,0.12544,0.0593233,0.0234005,0.00784805,0.00225338,2.1653E-11,2.16528E-11,1,4.33230E-18,2.16528E-11,2.50123E-17,3.68617E-24,5.1892E-18,8.406E-20
"MODRA CM 1 CM 2 LT 1.2","2.186E-07","0.9877","369","PLiabilitySignal 2",0.1272,0.999893,0.000107318,0.32569,2.147E-11,2.14723E-11,1,0.000107318,9.99902E-06,3.10552,0.301215,0.883171,0.23973,0.215939,0.181698,0.139505,0.0969559,0.0622565,0.0388443,0.0250712,1,1,0.0625007,0.0652809,,,2.14722E-11,,,,,2.99776E-17,3.35532E-24,6.00E-24,0.0315541,9.99989,10,19.9999,0.000110331,1000,1000,1.71778E-11,9.929E-12,3.2208E-7,3.22087E-7,4.60668E-12,3.22077E-07,0.000100332,0.000100332,3.01235E-06,9.73194E-05,2.90331E-07,9.70291E-05,0,2.1472E-11,0.0638904,2.99776E-17,3.35532E-24,6.71065E-24,0.00300114,0,-0.837045,0,1,0,0,0,0,0,0,0.2299,0.252798,0.216092,0.149198,0.0859312,0.0420859,0.01765,0.00634518,2.1472E-11,2.14723E-11,1,4.29618E-18,2.14722E-11,2.99776E-17,3.35532E-24,5.8087E-24,1.893E-25
"MODRA CM 1 CM 2 LT 1.2","2.186E-07","0.9877","369","PLiabilitySignal 3",0.1351,0.999894,0.000105827,0.380219,2.117E-11,2.11739E-11,1,0.000105827,9.99904E-06,3.54175,0.428519,0.920176,0.192296,0.184385,0.169249,0.145286,0.115178,0.0854888,0.0619672,0.04615,1,1,0.0625007,0.0692042,,,2.11739E-11,,,,,2.94282E-17,3.58452E-24,5.89E-24,0.0595628,9.99989,10,19.9999,0.000110113,1000,1000,1.69392E-11,9.682E-12,1.8352E-6,1.83525E-6,4.50850E-12,1.83524E-06,0.000100114,0.000100114,4.28539E-06,9.58284E-05,1.65257E-06,9.41758E-05,0,2.1174E-11,0.0658521,2.94282E-17,3.58452E-24,7.16903E-24,0.0173418,0,-0.36328,0,0,1,0,0,0,0,0,0.163043,0.203426,0.205016,0.172371,0.123246,0.0754669,0.0396191,0.0178105,2.1174E-11,2.11739E-11,1,4.23649E-18,2.11739E-11,2.94282E-17,3.58452E-24,5.5373E-24,3.507E-25
"MODRA CM 1 CM 2 LT 1.2","2.186E-07","0.9877","369","PLiabilitySignal 4",0.1349,0.999896,0.000103739,0.456753,2.076E-11,2.07561E-11,1,0.000103739,9.99906E-06,4.15402,0.591011,0.972586,0.135725,0.142216,0.14666,0.14467,0.133587,0.11601,0.0978417,0.0832904,1,1,0.0625007,0.0774424,,,2.0756E-11,,,,,1.62913E-17,5.0256E-24,1.23E-17,0.124806,9.9999,9.99999,19.9999,0.000109649,1000,1000,1.66049E-11,8.997E-12,7.6182E-6,7.61817E-6,4.21459E-12,7.61816E-06,9.96501E-05,9.96501E-05,5.91031E-06,9.37398E-05,6.85318E-06,8.68866E-05,0,2.0756E-11,0.0699712,1.62913E-17,5.0256E-24,5.70742E-24,0.0734359,0,-0.0910439,0,0,0,1,0,0,0,0,0.0956372,0.140692,0.172665,0.180209,0.16108,0.123456,0.0810322,0.0452287,2.0756E-11,2.07561E-11,1,4.15288E-18,2.0756E-11,1.62913E-17,5.0256E-24,1.0749E-17,1.533E-18
"MODRA CM 1 CM 2 LT 1.2","2.186E-07","0.9877","369","PLiabilitySignal 5",0.1349,0.999899,0.000101436,0.543249,2.03E-11,2.02953E-11,1,0.000101436,9.99908E-06,4.84599,0.750287,1.03284,0.0832893,0.0978406,0.116009,0.133586,0.14467,0.146661,0.142217,0.135727,1,1,0.0625007,0.0909465,,,2.02953E-11,,,,,1.16771E-17,5.78447E-24,1.58E-17,0.204929,9.9999,9.99999,19.9999,0.000108939,1000,1000,1.62363E-11,7.509E-12,2.1727E-5,2.17269E-5,3.54314E-12,2.17269E-05,9.89401E-05,9.89401E-05,7.50307E-06,9.1437E-05,1.95278E-05,7.19092E-05,0,2.0295E-11,0.0767232,1.16771E-17,5.78447E-24,5.88826E-24,0.214193,0,0.0910439,0,0,0,0,1,0,0,0,0.0452287,0.0810322,0.123456,0.16108,0.180209,0.172665,0.140692,0.0956372,2.0295E-11,2.02953E-11,1,4.06069E-18,2.02953E-11,1.16771E-17,5.78447E-24,1.2581E-17,3.243E-18
"MODRA CM 1 CM 2 LT 1.2","2.186E-07","0.9877","369","PLiabilitySignal 6",0.1351,0.999901,9.94827E-05,0.619783,1.99E-11,1.99045E-11,1,9.94827E-05,9.9991E-06,5.45826,0.867108,1.08733,0.0461495,0.0619666,0.0854881,0.115177,0.145287,0.169249,0.184386,0.192297,1,1,0.169132,0.107277,,,1.00550E-11,,,,,9.84954E-12,5.08267E-24,5.29E-24,0.288775,9.9999,9.99999,19.9999,0.000108154,1000,1000,1.59236E-11,5.053E-12,4.3087E-5,4.30866E-5,2.31891E-12,4.30866E-05,9.81549E-05,9.81549E-05,8.67128E-06,8.94836E-05,3.86956E-05,5.0788E-05,0,1.0055E-11,0.151139,9.84954E-12,5.08267E-24,1.01653E-23,0.433107,0,0.36328,0,0,0,0,0,1,0,0,0.0178105,0.0396191,0.0754669,0.123246,0.172371,0.205016,0.203426,0.163043,1.9905E-11,1.99045E-11,1,3.9825E-18,1.00550E-11,9.84954E-12,5.08267E-24,3.7640E-24,1.528E-24
"MODRA CM 1 CM 2 LT 1.2","2.186E-07","0.9877","369","PLiabilitySignal 7",0.1272,0.999902,9.81566E-05,0.67431,1.964E-11,1.96392E-11,1,9.81566E-05,9.99912E-06,5.89448,0.933923,1.12703,0.025071,0.038844,0.0622563,0.0969561,0.139506,0.181699,0.215939,0.239729,1,1,0.178244,0.122078,,,1.08148E-11,,,,,8.82442E-12,5.3666E-24,5.13E-24,0.381531,9.9999,9.99999,19.9999,0.000107496,1000,1000,1.57113E-11,3.069E-12,6.4153E-5,6.41529E-5,1.42352E-12,6.41529E-05,9.74969E-05,9.7497E-05,9.33943E-06,8.81575E-05,5.75782E-05,3.05793E-05,0,1.0815E-11,0.17069,8.82442E-12,5.3666E-24,1.07332E-23,0.653577,0,0.837045,0,0,0,0,0,0,1,0,0.00634518,0.01765,0.0420859,0.0859312,0.149198,0.216092,0.252798,0.2299,1.9639E-11,1.96392E-11,1,3.92941E-18,1.08148E-11,8.82442E-12,5.3666E-24,3.1719E-24,1.957E-24
"MODRA CM 1 CM 2 LT 1.2","2.186E-07","0.9877","369","PLiabilitySignal 8",0.1028,0.999903,9.73739E-05,0.707914,1.948E-11,1.94826E-11,1,9.73739E-05,9.99912E-06,6.16332,0.966502,1.15197,0.0145906,0.0259533,0.0474981,0.0833192,0.13261,0.187134,0.235966,0.272929,1,1,0.18277,0.132947,,,1.17171E-11,,,,,7.76545E-12,5.67051E-24,1.60E-18,0.396485,9.9999,9.99999,19.9999,0.000107039,1000,1000,1.55861E-11,1.655E-12,7.9171E-5,7.91712E-5,7.75771E-13,7.91712E-05,9.704E-05,9.704E-05,9.66522E-06,8.73748E-05,7.10228E-05,1.6352E-05,0,1.1717E-11,0.179634,7.76545E-12,5.67051E-24,1.07676E-23,0.813064,0,1.50627,0,0,0,0,0,0,0,1,0.00225338,0.00784805,0.0234005,0.0593233,0.12544,0.214217,0.284353,0.283165,1.9483E-11,1.94826E-11,1,3.89807E-18,1.17171E-11,7.76545E-12,5.67051E-24,9.6849E-19,6.363E-19
"MODRA CM 1 CM 2 LT 1.2","2.186E-07","0.9877","369","DLiabilitySignal 1",0.1028,0.99989,0.000109999,0.167254,2.201E-11,2.20086E-11,1,0.000109999,9.999E-06,1.83804,5.60224E-06,0.76048,0.47896,0.298962,0.148829,0.0553045,0.0147064,0.002797,0.000396463,4.47102E-05,1,1,0.0625007,0.0625007,,,2.20086E-11,,,,,3.0956E-17,3.08401E-24,3.44E-21,0.286237,9.99989,10,19.9999,0.000109999,1000,1000,1.76069E-11,1.015E-11,2.9495E-7,2.94959E-7,4.69516E-12,2.94949E-07,0.0001,0.0001,2.56102E-10,9.99999E-05,2.68138E-07,9.97318E-05,0,2.2009E-11,0.0625004,3.0956E-17,3.08401E-24,6.16665E-24,0.00268138,0,1.50627,0.283165,0.284353,0.214217,0.12544,0.0593233,0.0234005,0.00784805,0.00225338,1,0,0,0,0,0,0,0,2.2009E-11,2.20086E-11,1,4.40348E-18,2.20086E-11,3.0956E-17,3.08401E-24,2.4559E-21,9.849E-22
"MODRA CM 1 CM 2 LT 1.2","2.186E-07","0.9877","369","DLiabilitySignal 2",0.1272,0.99989,0.000109999,0.227647,2.201E-11,2.20086E-11,1,0.000109999,9.999E-06,2.32117,5.60224E-06,0.822398,0.320539,0.292011,0.212186,0.11512,0.0447144,0.0124284,0.00257605,0.000425073,1,1,0.0625007,0.0625007,,,2.20086E-11,,,,,3.10792E-17,3.08463E-24,9.67E-21,0.388477,9.99989,10,19.9999,0.000109999,1000,1000,1.76069E-11,1.004E-11,1.5419E-6,1.54195E-6,4.64179E-12,1.54194E-06,0.0001,0.0001,2.56102E-10,9.99999E-05,1.40177E-06,9.85982E-05,0,2.2009E-11,0.0625004,3.10792E-17,3.08463E-24,6.16540E-24,0.0140177,0,0.837045,0.2299,0.252798,0.216092,0.149198,0.0859312,0.0420859,0.01765,0.00634518,0,1,0,0,0,0,0,0,2.2009E-11,2.20086E-11,1,4.40348E-18,2.20086E-11,3.10792E-17,3.08463E-24,5.9156E-21,3.758E-21
"MODRA CM 1 CM 2 LT 1.2","2.186E-07","0.9877","369","DLiabilitySignal 3",0.1351,0.99989,0.000109999,0.317431,2.201E-11,2.20086E-11,1,0.000109999,9.999E-06,3.03945,5.60224E-06,0.911281,0.171122,0.227545,0.241316,0.191101,0.108373,0.0439988,0.0133279,0.00321589,1,1,0.0625007,0.0625007,,,2.20086E-11,,,,,3.13254E-17,3.08638E-24,2.71E-20,0.497274,9.99989,10,19.9999,0.000109999,1000,1000,1.76069E-11,9.582E-12,6.4542E-6,6.45416E-6,4.43156E-12,6.45415E-06,0.0001,0.0001,2.56102E-10,9.99999E-05,5.86746E-06,9.41325E-05,0,2.2009E-11,0.0625004,3.13254E-17,3.08638E-24,6.1619E-24,0.0586747,0,0.36328,0.163043,0.203426,0.205016,0.172371,0.123246,0.0754669,0.0396191,0.0178105,0,0,1,0,0,0,0,0,2.2009E-11,2.20086E-11,1,4.40348E-18,2.20086E-11,3.13254E-17,3.08638E-24,1.3643E-20,1.350E-20
"MODRA CM 1 CM 2 LT 1.2","2.186E-07","0.9877","369","DLiabilitySignal 4",0.1349,0.9999,0.000100267,0.435183,2.006E-11,2.00614E-11,1,0.000100267,9.9991E-06,3.98146,1,0.92355,0.0665793,0.129259,0.20009,0.231262,0.191427,0.113471,0.0502067,0.0177046,1,1,0.093198,0.0625007,,,1.51347E-11,,,,,4.92664E-12,3.35039E-24,1E-17,0.0651952,9.9999,9.99999,19.9999,0.000110267,1000,1000,1.60491E-11,8.4E-12,6.9573E-6,6.95727E-6,3.79095E-12,6.95727E-06,0.000100268,0.000100268,1.00002E-05,9.02676E-05,6.25184E-06,8.40158E-05,0,1.5135E-11,0.0625005,4.92664E-12,3.35039E-24,3.33083E-24,0.0693876,0,0.0910439,0.0956372,0.140692,0.172665,0.180209,0.16108,0.123456,0.0810322,0.0452287,0,0,0,1,0,0,0,0,2.0061E-11,2.00614E-11,1,4.01388E-18,1.51347E-11,4.92664E-12,3.35039E-24,9.3502E-18,6.521E-19
"MODRA CM 1 CM 2 LT 1.2","2.186E-07","0.9877","369","DLiabilitySignal 5",0.1349,0.999901,9.91316E-05,0.564819,1.983E-11,1.98342E-11,1,9.91316E-05,9.99911E-06,5.01855,1,1.03521,0.0177043,0.0502061,0.11347,0.191427,0.231262,0.200091,0.12926,0.0665796,1,1,0.113033,0.0625007,,,1.18161E-11,,,,,8.01817E-12,6.37412E-24,8.93E-18,0.123401,9.9999,9.99999,19.9999,0.000109132,1000,1000,1.58674E-11,6.996E-12,2.0426E-5,2.0426E-05,3.12058E-12,2.0426E-05,9.91327E-05,9.91327E-05,1.00002E-05,8.91325E-05,1.83434E-05,7.07891E-05,0,1.1816E-11,0.0625007,8.01817E-12,6.37412E-24,9.75645E-24,0.206049,0,-0.0910439,0.0452287,0.0810322,0.123456,0.16108,0.180209,0.172665,0.140692,0.0956372,0,0,0,0,1,0,0,0,1.9834E-11,1.98342E-11,1,3.96844E-18,1.18161E-11,8.01817E-12,6.37412E-24,7.8241E-18,1.101E-18
"MODRA CM 1 CM 2 LT 1.2","2.186E-07","0.9877","369","DLiabilitySignal 6",0.1351,0.999902,9.81567E-05,0.68257,1.964E-11,1.96392E-11,1,9.81567E-05,9.99912E-06,5.96056,1,1.13184,0.00321587,0.0133277,0.0439981,0.108372,0.191101,0.241318,0.227546,0.171122,1,1,0.133432,0.0625007,,,8.49487E-12,,,,,1.11443E-11,6.27822E-24,7.49E-18,0.203588,9.9999,9.99999,19.9999,0.000108157,1000,1000,1.57114E-11,4.99E-12,4.1398E-5,4.13978E-5,2.20273E-12,4.13978E-05,9.81578E-05,9.81578E-05,1.00002E-05,8.81576E-05,3.71563E-05,5.10013E-05,0,8.4949E-12,0.062501,1.11443E-11,6.27822E-24,1.01048E-23,0.421753,0,-0.36328,0.0178105,0.0396191,0.0754669,0.123246,0.172371,0.205016,0.203426,0.163043,0,0,0,0,0,1,0,0,1.9639E-11,1.96392E-11,1,3.92941E-18,8.49487E-12,1.11443E-11,6.27822E-24,5.9661E-18,1.525E-18
"MODRA CM 1 CM 2 LT 1.2","2.186E-07","0.9877","369","DLiabilitySignal 7",0.1272,0.999903,9.74498E-05,0.772354,1.95E-11,1.94977E-11,1,9.74498E-05,9.99912E-06,6.67883,1,1.2024,0.000425066,0.002576,0.0124281,0.0447138,0.115119,0.212187,0.292012,0.320539,1,1,0.149508,0.1875,,,1.94977E-11,,,,,2.16271E-17,6.18162E-24,4.49E-18,0.263202,9.9999,9.99999,19.9999,0.00010745,1000,1000,1.55982E-11,3.847E-12,6.2602E-5,6.26018E-5,2.1298E-12,6.26018E-05,9.74509E-05,9.74509E-05,1.00002E-05,8.74506E-05,5.61617E-05,3.12889E-05,0,1.9498E-11,0.168504,2.16271E-17,6.18162E-24,1.04244E-23,0.642401,0,-0.837045,0.00634518,0.01765,0.0420859,0.0859312,0.149198,0.216092,0.252798,0.2299,0,0,0,0,0,0,1,0,1.9498E-11,1.94977E-11,1,3.90111E-18,1.94977E-11,2.16271E-17,6.18162E-24,3.3118E-18,1.183E-18
"MODRA CM 1 CM 2 LT 1.2","2.186E-07","0.9877","369","DLiabilitySignal 8",0.1028,0.999903,9.6993E-05,0.832745,1.941E-11,1.94064E-11,1,9.6993E-05,9.99913E-06,7.16196,1,1.24824,4.47091E-05,0.000396452,0.00279693,0.0147061,0.0553044,0.14883,0.298963,0.478959,1,1,0.160014,0.1875,,,1.94063E-11,,,,,2.28624E-17,6.10696E-24,3.46E-18,0.34467,9.9999,9.99999,19.9999,0.000106993,1000,1000,1.55251E-11,2.102E-12,7.8055E-5,7.80545E-5,1.16921E-12,7.80545E-05,9.69942E-05,9.69942E-05,1.00002E-05,8.69939E-05,6.99997E-05,1.69942E-05,0,1.9406E-11,0.173757,2.28624E-17,6.10696E-24,1.06554E-23,0.804744,0,-1.50627,0.00225338,0.00784805,0.0234005,0.0593233,0.12544,0.214217,0.284353,0.283165,0,0,0,0,0,0,0,1,1.9406E-11,1.94064E-11,1,3.88283E-18,1.94063E-11,2.28624E-17,6.10696E-24,2.2698E-18,1.194E-18
"MODRA CM 1 CM 2 LT 1.2","2.186E-07","0.9877","369","PDoesntFile",1,0.999897,0.000102687,0.5,0,0,1,0.000102687,9.99907E-06,4.5,0.634881,1.00431,0.125001,0.125,0.124999,0.124999,0.124999,0.125,0.125001,0.125001,1,1,,,,,0,,,,,0,0,0,,9.9999,9.99999,19.9999,0.000109036,1000,1000,0,0,2.6373E-5,2.63734E-5,0,2.63734E-05,9.9037E-05,9.9037E-05,6.34901E-06,9.2688E-05,2.36771E-05,6.90109E-05,0,0,,0,0,0,0.256833,0,-5.77979E-13,0.102831,0.127187,0.135106,0.134876,0.134876,0.135106,0.127187,0.102831,0.102831,0.127187,0.135106,0.134876,0.134876,0.135106,0.127187,0.102831,0,0,1,0,0,0,0,0,0
"MODRA CM 1 CM 2 LT 1.2","2.186E-07","0.9877","369","P Files",2E-11,0,1,0.489993,1,1,1,1,0.0973742,4.41994,0.608881,0.997096,0.141938,0.130987,0.122075,0.118033,0.1178,0.120449,0.123762,0.124955,1,1,0.102257,0.0897293,,,0.841736,,,,,0.158264,2.28782E-13,2.189E-7,0.159665,8.67621,9.52378,18.2,1.80001,997.536,999.7,0.8,0.344162,0.330251,0.674413,0.160269,0.426427,0.902632,1.70263,6.08881E-06,0.902626,0.230575,0.67205,0,0.841736,0.0905387,0.158264,2.28782E-13,3.79775E-13,0.256833,0,0.0281388,0.108373,0.132923,0.139238,0.136258,0.133233,0.13089,0.121576,0.0975105,0.110153,0.136243,0.144726,0.131697,0.130206,0.129145,0.1207,0.0971291,1,1,0,2.0008E-07,0.841736,0.158264,2.28782E-13,1.83977E-7,3.4956E-8
"MODRA CM 1 CM 2 LT 1.2","2.186E-07","0.9877","369","DDoesntAnswer",4E-18,0,1,0.489993,1,0,1,1,0.0973742,4.41994,0.608881,0.997096,0.141938,0.130987,0.122075,0.118033,0.1178,0.120449,0.123762,0.124955,1,1,,,,,0,,,,,0,0,0,,9.8,8.99999,18.8,1.20001,999.908,998.808,0.2,0.743167,0.0513666,0.794534,0.743167,0.0102733,0.902632,1.10263,6.08881E-06,0.902626,0.230575,0.67205,0,0,,0,0,0,0.256833,0,0.0281388,0.108373,0.132923,0.139238,0.136258,0.133233,0.13089,0.121576,0.0975105,0.110153,0.136243,0.144726,0.131697,0.130206,0.129145,0.1207,0.0971291,1,0,0,1,0,0,0,0,0
"MODRA CM 1 CM 2 LT 1.2","2.186E-07","0.9877","369","D Answers",2E-11,0,1,0.489993,1,1,1,1,0.0973742,4.41994,0.608881,0.997096,0.141938,0.130987,0.122075,0.118033,0.1178,0.120449,0.123762,0.124955,1,1,0.102257,0.0897293,,,0.841736,,,,,0.158264,2.28782E-13,2.189E-7,0.159665,8.67621,9.52378,18.2,1.80001,997.536,999.7,0.8,0.344162,0.330251,0.674413,0.160269,0.426427,0.902632,1.70263,6.08881E-06,0.902626,0.230575,0.67205,0,0.841736,0.0905387,0.158264,2.28782E-13,3.79775E-13,0.256833,0,0.0281388,0.108373,0.132923,0.139238,0.136258,0.133233,0.13089,0.121576,0.0975105,0.110153,0.136243,0.144726,0.131697,0.130206,0.129145,0.1207,0.0971291,1,1,0,0,0.841736,0.158264,2.28782E-13,1.83977E-7,3.4956E-8
"MODRA CM 1 CM 2 LT 1.2","2.186E-07","0.9877","369","Settles1",2E-11,0,1,0.444688,1,1,1,1,0.0964727,4.0575,0.535343,0.96428,0.168605,0.155363,0.142851,0.128992,0.10774,0.0909961,0.094651,0.110802,1,1,0.0862286,0.0948489,,,1,,,,,0,0,0,,8.69054,9.50946,18.2,1.80001,997.615,999.686,0.8,0.369674,0.266306,0.63598,0.174724,0.330149,0.903533,1.70353,5.35343E-06,0.903527,0.193121,0.710406,0,1,0.0905387,0,0,0,0.215095,0,-0.263195,0.128749,0.157915,0.165417,0.161877,0.158283,0.0785524,0.0795359,0.0696706,0.130864,0.16186,0.171937,0.118036,0.0921536,0.0663644,0.143394,0.115391,1,1,0,0,1,0,0,0,0
"MODRA CM 1 CM 2 LT 1.2","2.186E-07","0.9877","369","DoesntSettle1",3E-12,0,1,0.730951,1,1,1,1,0.102169,6.34761,0.999997,1.17163,0.000108225,0.00134388,0.0115735,0.0597476,0.171308,0.277099,0.278591,0.20023,1,1,0.187503,0.0625002,,,0,,,,,0.999999,1.44558E-12,1.383E-6,0.159665,8.6,9.59999,18.2,1.80001,997.118,999.771,0.800001,0.208472,0.670348,0.878821,0.0833892,0.938488,0.897841,1.69784,9.99997E-06,0.897831,0.429779,0.468053,0,0,,0.999999,1.44558E-12,2.39964E-12,0.47882,0,1.57762,9.57765E-07,1.17257E-06,1.22275E-06,1.18522E-06,1.14072E-06,0.40925,0.345166,0.245578,9.79076E-07,1.21604E-06,1.3027E-06,0.204355,0.332591,0.463049,1.02176E-06,8.32545E-07,1,1,0,0,0,0.999999,1.44558E-12,1.16247E-6,2.2087E-7
"MODRA CM 1 CM 2 LT 1.2","2.186E-07","0.9877","369","PAbandons1",3E-12,0,1,0.730951,1,1,1,1,0.102169,6.34761,0.999997,1.17163,0.000108181,0.0013438,0.0115734,0.0597475,0.171308,0.277099,0.278591,0.20023,1,1,0.187503,0.0625002,,,0,,,,,1,0,0,,8.6,9.59999,18.2,1.80001,997.118,999.771,0.8,0.208472,0.670349,0.878821,0.0833887,0.938489,0.897841,1.69784,9.99997E-06,0.897831,0.429779,0.468052,0,0,,1,0,1.19982E-12,0.478821,0,1.57762,7.91E-07,1.17257E-06,1.22275E-06,6.75756E-07,4.84361E-07,0.409251,0.345166,0.245579,9.78968E-07,1.21566E-06,1.30158E-06,0.204355,0.332591,0.463049,8.45943E-07,7.23014E-07,1,1,0,0,0,1,0,0,0
"MODRA CM 1 CM 2 LT 1.2","2.186E-07","0.9877","369","PDoesntAbandon1",4E-18,0,1,0.556521,1,1,1,1,0.100724,4.95217,0.998832,1.0277,0.0317958,0.0570249,0.105085,0.183222,0.23313,0.200047,0.125316,0.0643791,1,1,0.562073,0.0882846,,,0,,,,,0,1.04499E-06,0.999999,0.159665,8.55967,9.24032,17.8,2.20001,996.241,998.935,1.2,0.612348,0.220831,0.833179,0.4897,0.303389,0.899285,2.09929,9.98832E-06,0.899276,0.170675,0.7286,0,0,,0,1.04499E-06,8.67331E-07,0.190041,0,-1.1545,0.120553,2.64468E-07,2.84517E-07,0.368288,0.474472,3.11623E-07,2.96759E-07,0.036686,7.87313E-05,0.000273613,0.000815212,0.299918,0.267631,0.225008,0.127096,0.0791795,1,1,0,0,0,0,1.04499E-06,0.840334,0.159665
"MODRA CM 1 CM 2 LT 1.2","2.186E-07","0.9877","369","DDefaults1",5E-24,0,1,0.568379,1,1,1,1,0.0954293,5.04703,0.429317,1.086,0.0901529,0.0878486,0.093161,0.11176,0.13689,0.154728,0.161838,0.163622,1,1,0.577158,0.112686,,,0,,,,,0,1,0,,9.6,8.6,18.2,1.8,999.771,997.118,0.8,1.00112,0.159553,1.16067,1.24201,0.0638214,0.904575,1.70457,4.29317E-06,0.904571,0.360716,0.543855,0,0,,0,1,0.829992,0.398884,0,-0.258485,0.0806413,0.0907893,0.10303,0.144205,0.16598,0.146091,0.145211,0.124052,0.0674681,0.0834649,0.0887118,0.0961365,0.1829,0.180455,0.167264,0.1336,1,1,0,0,0,0,1,0,0
"MODRA CM 1 CM 2 LT 1.2","2.186E-07","0.9877","369","DDoesntDefault1",4E-18,0,1,0.556521,1,1,1,1,0.100725,4.95217,0.998833,1.0277,0.0317957,0.0570249,0.105085,0.183222,0.23313,0.200047,0.125316,0.064379,1,1,0.562073,0.0882846,,,0,,,,,0,0,1,0.159665,8.55966,9.24033,17.8,2.20001,996.241,998.935,1.2,0.612347,0.220831,0.833178,0.489699,0.303389,0.899285,2.09929,9.98833E-06,0.899275,0.170675,0.7286,0,0,,0,0,0,0.19004,0,-1.1545,0.120553,1.69595E-07,1.76852E-07,0.368288,0.474472,1.5896E-07,1.45016E-07,0.0366859,7.86608E-05,0.000273527,0.00081512,0.299918,0.267631,0.225008,0.127096,0.0791794,1,1,0,0,0,0,0,0.840335,0.159665
"MODRA CM 1 CM 2 LT 1.2","2.186E-07","0.9877","369","POrDQuits1",3E-12,0,1,0.730951,1,1,1,1,0.102169,6.34761,0.999997,1.17163,0.000108181,0.0013438,0.0115734,0.0597475,0.171308,0.277099,0.278591,0.20023,1,1,0.187503,0.0625002,,,0,,,,,1,1.44558E-12,0,,8.6,9.59999,18.2,1.80001,997.118,999.771,0.8,0.208472,0.670349,0.878821,0.0833887,0.938489,0.897841,1.69784,9.99997E-06,0.897831,0.429779,0.468052,0,0,,1,1.44558E-12,2.39964E-12,0.478821,0,1.57762,7.91001E-07,1.17257E-06,1.22275E-06,6.75756E-07,4.84361E-07,0.409251,0.345166,0.245579,9.78968E-07,1.21566E-06,1.30158E-06,0.204355,0.332591,0.463049,8.45943E-07,7.23014E-07,1,1,0,0,0,1,1.44558E-12,0,0
"MODRA CM 1 CM 2 LT 1.2","2.186E-07","0.9877","369","P Loses",4E-18,0,1,0.520021,1,1,1,1,0.100573,4.66017,0.999247,0.997632,0.0378299,0.0677626,0.123986,0.210381,0.248747,0.184381,0.0919933,0.0349199,1,1,0.563726,0.0841482,,,0,,,,,0,0,1,0,8.4,9.39999,17.8,2.20001,995.609,999.567,1.2,0.52374,0.20336,0.7271,0.314244,0.325377,0.899437,2.09944,9.99247E-06,0.899427,0.11415,0.785277,0,0,,0,0,0,0.1271,0,-1.1551,0.141171,1.9545E-07,1.97919E-07,0.383566,0.448916,1.34537E-07,1.06728E-07,0.0263472,6.68129E-05,0.000199049,0.000487641,0.333635,0.27918,0.213247,0.111436,0.0617476,1,1,0,0,0,0,0,1,0
"MODRA CM 1 CM 2 LT 1.2","2.186E-07","0.9877","369","P Wins",7E-19,0,1,0.748625,1,1,1,1,0.101523,6.489,0.996655,1.18598,3.6889E-05,0.000511249,0.00560609,0.040282,0.15094,0.282501,0.300698,0.219425,1,1,0.55337,0.110055,,,0,,,,,0,0,1,1,9.4,8.39999,17.8,2.20001,999.567,995.609,1.2,1.0787,0.312781,1.39148,1.41314,0.187668,0.898487,2.09849,9.96655E-06,0.898477,0.468173,0.430305,0,0,,0,0,0,0.521301,0,-1.15133,0.0120362,3.35165E-08,6.59745E-08,0.287882,0.608981,2.87499E-07,3.46525E-07,0.0910995,0.000141018,0.00066551,0.00253868,0.122464,0.206845,0.286907,0.209513,0.170925,1,1,0,0,0,0,0,0,1
